"p_1" "p_2" "p_3"
0.3028614364 0.2811449849 0.4159935787
0.305687932 0.2985960905 0.3957159774
0.2719141845 0.3061798465 0.421905969
0.2688844156 0.2974389798 0.4336766047
0.2737979143 0.3121525679 0.4140495178
0.3140219736 0.2689948654 0.416983161
0.2959611179 0.2811651113 0.4228737708
0.3007327357 0.2897493223 0.4095179419
0.2694901005 0.2855947343 0.4449151652
0.3074309042 0.2820835717 0.4104855242
0.2660710067 0.2886673963 0.445261597
0.2979947355 0.2963808979 0.4056243666
0.3044201576 0.2692845308 0.4262953116
0.2859543685 0.2912050855 0.422840546
0.2728854167 0.3028059231 0.4243086602
0.2939064622 0.2942625495 0.4118309884
0.274720803 0.3244242214 0.4008549757
0.278941766 0.2930886043 0.4279696296
0.2868991081 0.3133525624 0.3997483295
0.2958105982 0.2966549516 0.4075344502
0.2591903552 0.2996661118 0.441143533
0.3250725795 0.2884386588 0.3864887617
0.29165733 0.2969899655 0.4113527045
0.3055543059 0.2855332638 0.4089124302
0.2918897528 0.2833873713 0.4247209585
0.3241769259 0.2770177346 0.3988053395
0.304545905 0.2697666888 0.4256874062
0.2992838273 0.2976505165 0.4030656563
0.2915020713 0.2717932099 0.4367047188
0.3208472436 0.2910017101 0.3881510464
0.2871721931 0.3146551815 0.3981726254
0.2810593991 0.2928265468 0.4258318947
0.2944844829 0.2775985535 0.4279169636
0.277974266 0.3109256199 0.4111001141
0.2715300639 0.295488895 0.4329810411
0.2848640681 0.300056601 0.415079331
0.2736279039 0.281645739 0.4447263572
0.2943029833 0.286817021 0.4188799957
0.2881043802 0.2885716776 0.423323761
0.2778253628 0.2782217955 0.4439528416
0.2938537752 0.275683225 0.4304629997
0.2874471845 0.2905598282 0.4219929874
0.2963580576 0.3039920045 0.3996499379
0.3065915335 0.2851710742 0.4082373922
0.2995976462 0.2875719203 0.4128304336
0.2547671762 0.3021813551 0.4430514687
0.303120561 0.2850678816 0.4118115574
0.3077733226 0.2701469001 0.4220797773
0.2964836739 0.3015085144 0.4020078117
0.3021111543 0.3009211129 0.3969677328
0.3087191311 0.2819906924 0.4092901765
0.2812143262 0.3128331671 0.4059525067
0.2938635044 0.2929903744 0.4131461212
0.2711980873 0.2766918056 0.4521101071
0.2664050828 0.306339898 0.4272550192
0.2873544729 0.2999471005 0.4126984266
0.3274600754 0.2889413391 0.3835985855
0.2691440436 0.3102132082 0.4206427482
0.278639906 0.2966642479 0.4246958461
0.2725185705 0.3119019827 0.4155794469
0.2813676477 0.2849893627 0.4336429896
0.2950326698 0.2802229437 0.4247443865
0.3319321125 0.2700827627 0.3979851248
0.3100628978 0.2749118237 0.4150252785
0.2809357318 0.2851054324 0.4339508421
0.2755847556 0.3008452457 0.4235699987
0.2881068212 0.2988710468 0.413022132
0.2832905176 0.264239374 0.4515036477
0.2737744942 0.2947114677 0.4315140381
0.271235139 0.3019194481 0.4265411185
0.2772280833 0.2814535559 0.4413183608
0.2777980648 0.3040495309 0.4181524044
0.2943042517 0.2800954642 0.4256002841
0.2797555155 0.3012831205 0.418961364
0.2974292905 0.2978027622 0.4047679473
0.3052640675 0.2927907199 0.4019452126
0.3019825411 0.2954017719 0.4026156871
0.2689789952 0.3128602634 0.4181607414
0.2840122735 0.3079733175 0.408014409
0.3194257834 0.2920893313 0.3884848853
0.263946846 0.3104496664 0.4256034876
0.2915395209 0.2981360288 0.4103244503
0.2818319407 0.3100200433 0.408148016
0.275419997 0.2884325835 0.4361474195
0.3055863232 0.3001733587 0.3942403181
0.2876014102 0.3205016205 0.3918969693
0.2774535233 0.3029081652 0.4196383115
0.2829105648 0.2734732467 0.4436161885
0.2872178441 0.289234827 0.423547329
0.2875341753 0.2991390211 0.4133268036
0.300052775 0.2876167374 0.4123304876
0.2838014131 0.2951207618 0.4205213455
0.2886131744 0.2921015077 0.4192853179
0.3089851289 0.28287878 0.4081360911
0.2926008751 0.2625786579 0.444820467
0.281184449 0.286403317 0.432412234
0.3022176933 0.2812462989 0.4165360078
0.2990295188 0.277361309 0.4236091723
0.2856556763 0.2884808802 0.4258634435
0.2800446416 0.2945403227 0.4254150357
0.2937477417 0.3028274097 0.4034248487
0.2674678848 0.3176312264 0.4149008888
0.2860128045 0.2959414043 0.4180457912
0.2760796887 0.2949712341 0.4287745411
0.3123235663 0.2896965972 0.3979798366
0.2945646132 0.2855558219 0.4198795649
0.2563665371 0.3066988992 0.4369345637
0.3064331623 0.3015097464 0.3920570914
0.2898891623 0.3037279565 0.4063828812
0.2823374073 0.2922324222 0.4254301705
0.2813904949 0.2887533781 0.4298561271
0.300718867 0.2998452997 0.3994358333
0.2966193316 0.2838276242 0.4195530441
0.3014328878 0.2789244553 0.4196426569
0.3082926062 0.3049098214 0.3867975723
0.2765501331 0.303518166 0.4199317009
0.3066362877 0.2773981406 0.4159655717
0.2923126413 0.2866889522 0.4207333807
0.3086151513 0.2866749499 0.4047098988
0.3098397849 0.3055296854 0.3846305297
0.2974452619 0.2958813278 0.4066734102
0.3115061265 0.2960155484 0.3924783251
0.2951369799 0.2687387222 0.4361242979
0.302533913 0.2857240004 0.4117420867
0.2790692118 0.300524415 0.4204063732
0.2940900778 0.3029187018 0.4029912204
0.2951950432 0.2717922128 0.433012744
0.2955124045 0.2800921748 0.4243954207
0.2809085606 0.2891688076 0.4299226318
0.2975151374 0.2700671253 0.4324177374
0.3218114677 0.2800630491 0.3981254832
0.291374039 0.3028428508 0.4057831102
0.2995255729 0.2848877789 0.4155866481
0.284850778 0.2831679329 0.4319812891
0.3055162033 0.2769200804 0.4175637163
0.3033838363 0.2937998316 0.402816332
0.2951497458 0.2693804099 0.4354698443
0.2936095741 0.2895603045 0.4168301214
0.2900028667 0.2891958192 0.4208013141
0.2823469919 0.2872828976 0.4303701105
0.2990204777 0.2695746977 0.4314048246
0.2882996408 0.2879007976 0.4237995616
0.2789448863 0.3070124583 0.4140426554
0.3039182268 0.2923187192 0.4037630541
0.2990058779 0.3106161818 0.3903779403
0.2945968934 0.2798557316 0.425547375
0.2820803459 0.2945237251 0.423395929
0.2941995042 0.2655061206 0.4402943752
0.2793895224 0.2806984481 0.4399120295
0.3154840986 0.2684478717 0.4160680297
0.3174709083 0.2764652601 0.4060621781
0.2789193011 0.2932310046 0.4278496943
0.3043987521 0.2928616568 0.402739591
0.3094112807 0.2834075434 0.4071811759
0.2954460502 0.3065201622 0.3980337877
0.2875151835 0.2889157979 0.4235690186
0.2807386081 0.2829353831 0.4363260088
0.2925376274 0.2843138583 0.4231485144
0.3071228466 0.2921194778 0.4007576757
0.2754831379 0.2889357233 0.4355811388
0.2992213607 0.3095924628 0.3911861766
0.2869197634 0.2888074519 0.4242727846
0.2691962187 0.290889632 0.4399141493
0.2902609517 0.2979795486 0.4117594997
0.2993031997 0.2924287659 0.4082680344
0.2905990197 0.2969824699 0.4124185104
0.2577451669 0.3011199723 0.4411348607
0.2826048722 0.2620420417 0.4553530861
0.2640373332 0.2992459247 0.4367167422
0.2749412386 0.2876505555 0.4374082059
0.3068647826 0.2984857601 0.3946494573
0.2910232135 0.2927498995 0.416226887
0.2965990852 0.2963965813 0.4068349551
0.2775455239 0.2932244458 0.4292300303
0.3059525768 0.2727149344 0.4213324888
0.262071839 0.3002348518 0.4376933091
0.2797408157 0.2842272275 0.4360319568
0.299221648 0.3002286307 0.4005497213
0.3031852591 0.2682923866 0.4285223544
0.277265129 0.3030358157 0.4196990552
0.3085067882 0.2946597459 0.3968334659
0.3208545708 0.2923565434 0.3867888858
0.3176969162 0.2689967303 0.4133063535
0.2883770538 0.2936859123 0.417937034
0.3125136856 0.2804021527 0.4070841617
0.306093221 0.2739812049 0.4199255741
0.2864703753 0.3070255665 0.4065040582
0.2693932957 0.2972439395 0.4333627611
0.307258118 0.2834298009 0.409312081
0.3066638081 0.2765096845 0.4168265073
0.2900883024 0.2715324224 0.4383792752
0.2934943539 0.3033318247 0.4031738214
0.2930622415 0.2931551963 0.4137825622
0.2784865116 0.2996154516 0.4217831744
0.2927198394 0.2847317659 0.4225483947
0.2840533868 0.3099217335 0.4060248797
0.3023861132 0.2935293903 0.4040844965
0.2816765995 0.2992323873 0.4190910132
0.303484815 0.2784005509 0.4181146342
0.2786007104 0.2649068454 0.4564924442
0.3043890917 0.3089039673 0.386706941
0.3058077545 0.2838299882 0.4103622573
0.2614209354 0.3264830058 0.4120960588
0.303866518 0.3038271413 0.3923063407
0.3111705833 0.2723976495 0.4164317673
0.2834632652 0.269577767 0.4468841718
0.3022913706 0.3005352566 0.3971733728
0.2798180255 0.2753537077 0.4448282668
0.3074737022 0.2953984293 0.3971278684
0.2781322398 0.2986940291 0.4231737311
0.3015201938 0.2777967493 0.4206830569
0.3039500846 0.2791649945 0.4168849209
0.29774477 0.2861896996 0.4160655304
0.2980001796 0.2810631823 0.420936638
0.2637413278 0.2929486452 0.443310027
0.2636188374 0.3026003715 0.4337807911
0.2937279321 0.2703612166 0.4359108513
0.2703907273 0.2722831318 0.4573261409
0.27950438 0.2938885022 0.4266071179
0.288740528 0.2781038746 0.4331555975
0.3049953151 0.28111621 0.413888475
0.2952607438 0.2755967082 0.429142548
0.2810690514 0.2855993528 0.4333315958
0.2902974405 0.2865053808 0.4231971787
0.2965144147 0.2797444664 0.4237410693
0.3017210064 0.2752894643 0.4229895293
0.285889021 0.3075559497 0.4065550293
0.2879761951 0.312454891 0.3995689139
0.2810588214 0.299455332 0.4194858466
0.2869595519 0.2877526298 0.4252878184
0.2888789734 0.2793292938 0.4317917328
0.2986172769 0.2862788212 0.4151039019
0.2916140968 0.2851792045 0.4232066988
0.2882558062 0.2882509559 0.4234932379
0.3239404315 0.2642500649 0.4118095036
0.2780752266 0.2834248328 0.4384999406
0.3118912526 0.2530153051 0.4350934424
0.2776967759 0.3041175341 0.41818569
0.3118666935 0.2929546524 0.3951786541
0.2949615617 0.2738930859 0.4311453524
0.2911595871 0.3102288187 0.3986115941
0.3220193777 0.2806176978 0.3973629245
0.2859245882 0.3042000199 0.4098753919
0.2798018249 0.2872472945 0.4329508806
0.3008233315 0.289366615 0.4098100535
0.2955619435 0.3091189489 0.3953191076
0.2872299583 0.3010130789 0.4117569628
0.2977991484 0.3195444501 0.3826564015
0.2890778065 0.2803434461 0.4305786079
0.2612226289 0.3058017849 0.4329755862
0.2766163908 0.2852268835 0.4381567257
0.3093940551 0.2942388335 0.3963571766
0.3037784765 0.2844391409 0.4117823826
0.2989299396 0.2954120696 0.4056579907
0.2872687391 0.2847474028 0.427983858
0.277290583 0.2958225331 0.4268868839
0.3020006528 0.3038527703 0.3941465769
0.3044026204 0.2966379706 0.398959409
0.2854019007 0.2826619284 0.4319361709
0.2583619941 0.2902693564 0.4513686495
0.305760676 0.2804296806 0.4136667232
0.2741170308 0.2762826047 0.4496003646
0.3065288984 0.2748788801 0.4185922215
0.3056697217 0.2647650043 0.429565274
0.3219480657 0.2835469382 0.3945049961
0.28608399 0.2966012386 0.4173147714
0.2597402114 0.292679327 0.4475804616
0.3057036714 0.274588586 0.4197077426
0.3028893562 0.2849882851 0.4121223588
0.2905447446 0.2622887428 0.4471665126
0.2893663107 0.2816585361 0.4289751532
0.2777635459 0.309910437 0.412326017
0.281505634 0.3142847169 0.4042096491
0.2653025021 0.3245835593 0.4101139386
0.2870083569 0.2750582363 0.4379334067
0.2645627214 0.2869237799 0.4485134987
0.2760787914 0.3014197309 0.4219365626
0.2812443522 0.288069942 0.4306857058
0.2967406312 0.2915131033 0.4117462655
0.293656024 0.2596167263 0.4467272497
0.2821097535 0.3016655557 0.4162246908
0.2904944616 0.2978737626 0.4116317758
0.2913864163 0.2638700536 0.4447435301
0.2978201138 0.2834826079 0.4186972783
0.2848800407 0.3016269551 0.4134930041
0.2683273367 0.3042376446 0.4274350187
0.3027149418 0.3046675121 0.3926175461
0.2918467019 0.2930913253 0.4150619728
0.2793646083 0.3132155534 0.4074198383
0.2852491543 0.2815236009 0.4332272448
0.308361827 0.2957984822 0.3958396908
0.2993354643 0.2940793453 0.4065851904
0.2804789438 0.2754609823 0.4440600739
0.2818346654 0.2976462342 0.4205191004
0.288455921 0.3021423731 0.4094017059
0.3028222868 0.2846166514 0.4125610618
0.2883538686 0.2656193834 0.446026748
0.2848590046 0.2978041679 0.4166776644
0.2986770739 0.3055642802 0.3957586459
0.3305654458 0.2730157813 0.3964187728
0.295234628 0.2928731543 0.4118921636
0.2939737535 0.2808645095 0.4251617371
0.283080217 0.30647103 0.410448753
0.2889241785 0.2923744704 0.4187013511
0.3129521222 0.2787428229 0.4083050549
0.3194340276 0.2910901406 0.3894758318
0.28129675 0.2822012956 0.4365019544
0.2859972437 0.2735539099 0.4404488464
0.305273635 0.2932904861 0.4014358789
0.2898357617 0.3068488519 0.4033153864
0.3106042005 0.2661918815 0.423203918
0.2955660957 0.2973130409 0.4071208634
0.2924390889 0.2877815816 0.4197793294
0.3020796037 0.2962879962 0.4016324001
0.2921382604 0.2953037801 0.4125579595
0.2781062582 0.3183378112 0.4035559306
0.2900813557 0.2772185788 0.4327000655
0.2736440588 0.305668378 0.4206875632
0.2935597813 0.300628611 0.4058116076
0.2957342632 0.2934197521 0.4108456775
0.2837750097 0.2908741423 0.425350848
0.2879634106 0.3085825576 0.4034540319
0.2839527308 0.2723349185 0.4437123506
0.2999063893 0.2878231543 0.4122704564
0.2901972475 0.3042303344 0.4055724181
0.272164174 0.3095223225 0.4157296081
0.2695987618 0.2935773154 0.4368125083
0.2836884282 0.2938132566 0.4224983152
0.2867633933 0.3025304657 0.410706141
0.303737741 0.287084049 0.40917821
0.2999056772 0.2983117001 0.4017826226
0.287102321 0.2623612543 0.4505364247
0.3100203315 0.2779223534 0.4120573152
0.2974441092 0.2849326371 0.4176232537
0.2787654874 0.2954371713 0.4257973413
0.2924192487 0.2896458165 0.4179349347
0.2929987577 0.2791976903 0.427803552
0.2920494985 0.2872764785 0.4206740229
0.2840543723 0.2919112322 0.4240343955
0.3157922202 0.2720409404 0.4121668393
0.3152663555 0.2509363678 0.4337972767
0.28975595 0.2633367739 0.4469072761
0.3096281469 0.2892314519 0.4011404012
0.2869310177 0.2996017956 0.4134671867
0.3047040525 0.2719143729 0.4233815747
0.3054228464 0.3006834481 0.3938937055
0.287648229 0.2993533524 0.4129984186
0.2839099471 0.2830221273 0.4330679256
0.3047638701 0.2740173933 0.4212187366
0.2998164851 0.3027559537 0.3974275613
0.2889104774 0.272632548 0.4384569746
0.2657957995 0.3114557112 0.4227484893
0.3130909952 0.2814757005 0.4054333042
0.3073856032 0.2730320542 0.4195823426
0.2766155149 0.2956081777 0.4277763074
0.2865879225 0.2880609621 0.4253511154
0.3026156345 0.2891100016 0.4082743639
0.2816747643 0.3090503864 0.4092748493
0.2868206286 0.2821412542 0.4310381171
0.2830082355 0.2867732362 0.4302185283
0.2866288682 0.2962416691 0.4171294627
0.2649053087 0.2914211226 0.4436735688
0.3005311508 0.3151519115 0.3843169377
0.3030824907 0.2730011512 0.4239163582
0.3004690983 0.2937678897 0.405763012
0.2708085284 0.3021799394 0.4270115322
0.2576206249 0.2968543092 0.4455250659
0.284765017 0.2973968992 0.4178380838
0.2820905731 0.2878951013 0.4300143256
0.2976523791 0.2894614923 0.4128861286
0.2909344677 0.2687187067 0.4403468256
0.3121302985 0.2770094204 0.4108602811
0.2766206687 0.2785378584 0.4448414729
0.3023645836 0.2789548944 0.418680522
0.292223349 0.3020387372 0.4057379138
0.2979753315 0.2970287081 0.4049959603
0.289047617 0.3055483113 0.4054040717
0.2857393091 0.3133994501 0.4008612408
0.2793735847 0.2790918374 0.4415345779
0.2682882395 0.2928158916 0.4388958689
0.2668620036 0.3054799149 0.4276580815
0.2896768364 0.3177503211 0.3925728425
0.2911924109 0.2940174946 0.4147900944
0.2985403726 0.2883093309 0.4131502966
0.2954292733 0.2841816215 0.4203891052
0.2973012141 0.2756594305 0.4270393554
0.2931451955 0.2735389755 0.433315829
0.315568886 0.2839800645 0.4004510494
0.2920679791 0.2992295788 0.408702442
0.2959713014 0.2731083133 0.4309203853
0.2826879711 0.3029164823 0.4143955465
0.3028231563 0.2841800771 0.4129967666
0.3135218758 0.2622902762 0.424187848
0.2813971842 0.2921835993 0.4264192165
0.2775841967 0.2851326141 0.4372831893
0.3115876505 0.2870899957 0.4013223538
0.2713174866 0.3076777796 0.4209207893
0.2945747968 0.3014926835 0.4039325197
0.2755264138 0.2888727368 0.4356008494
0.3083047003 0.2930808946 0.3986144051
0.3081085114 0.2992529979 0.3921742559
0.2764653599 0.2946713827 0.4288632574
0.295382054 0.2757122782 0.4289056678
0.2698074066 0.3103754212 0.4198171722
0.3034160173 0.2672512435 0.4293327392
0.2903035446 0.2705125335 0.4391839219
0.2783358044 0.2748715756 0.44679262
0.2703592121 0.2923195658 0.4373212221
0.2775479623 0.2876656508 0.4347863869
0.2654567432 0.2895610472 0.4449822096
0.2938932633 0.2833455444 0.4227611923
0.3023422233 0.2826927809 0.4149649959
0.2673104934 0.3035961564 0.4290933502
0.2810397485 0.2932832167 0.4256770348
0.2700747601 0.3048907946 0.4250344453
0.2885370638 0.2894494516 0.4220134847
0.3073208252 0.2937283159 0.3989508589
0.3130880286 0.2890966158 0.3978153555
0.2915814219 0.2919587753 0.4164598028
0.2679719621 0.2817102635 0.4503177744
0.2901697958 0.2891538983 0.4206763058
0.2828573451 0.3024993353 0.4146433196
0.2852142831 0.2923338347 0.4224518822
0.3002688948 0.2643807456 0.4353503596
0.3079560049 0.2662732386 0.4257707565
0.3034593645 0.2747816607 0.4217589749
0.2909830808 0.3001140122 0.408902907
0.2781322569 0.2830527432 0.4388149999
0.2944077197 0.2966853111 0.4089069692
0.2803158994 0.3016328284 0.4180512722
0.294930381 0.2891502105 0.4159194084
0.2676872869 0.3109015843 0.4214111287
0.3165834749 0.286487956 0.396928569
0.2985906988 0.2611726575 0.4402366437
0.293131968 0.2979267499 0.4089412821
0.304073328 0.2900463762 0.4058802958
0.276065928 0.2913229156 0.4326111563
0.2716065146 0.2929021269 0.4354913584
0.2904383081 0.2793511322 0.4302105597
0.2638444448 0.3031375447 0.4330180104
0.3028720811 0.2813366313 0.4157912875
0.2729565894 0.2986980042 0.4283454063
0.3124682792 0.2696212948 0.417910426
0.2616823266 0.2898197734 0.4484978999
0.2834643605 0.3133158744 0.4032197651
0.2899171108 0.2980966578 0.4119862314
0.2965523988 0.2884398376 0.4150077636
0.2917197239 0.2921809958 0.4160992802
0.2675985354 0.2772250529 0.4551764117
0.2884768786 0.3071400543 0.4043830671
0.3188717318 0.2679408356 0.4131874326
0.2821107163 0.3031525403 0.4147367434
0.3083337934 0.2891828202 0.4024833864
0.3107272401 0.2849147948 0.4043579651
0.2994800369 0.2877828255 0.4127371377
0.2642447485 0.3280660371 0.4076892144
0.3040523629 0.2665439913 0.4294036459
0.2866405053 0.3109937514 0.4023495794
0.2933073244 0.2800073527 0.4266853229
0.2620659285 0.2960043618 0.4419297097
0.2874368623 0.2890977059 0.4234654318
0.2838719018 0.2560802706 0.4600478276
0.3020337228 0.3084596809 0.3895065963
0.2912594752 0.2959194514 0.4128210734
0.3051794518 0.3026507901 0.3921642787
0.2882252015 0.297095358 0.4146794405
0.3111305086 0.2767595116 0.4121099798
0.3135769011 0.2625102125 0.4239128864
0.3081619781 0.2712297609 0.420608261
0.2963706621 0.3090600003 0.3945693376
0.2914132806 0.2999294011 0.4086573183
0.2884196231 0.3180417427 0.3935386343
0.3000109158 0.2865384065 0.4134506777
0.2860457326 0.2676217265 0.4463325409
0.2963384856 0.2977817239 0.4058797904
0.2939468066 0.2789227099 0.4271304835
0.2843512785 0.3025881945 0.4127225544
0.272038196 0.2947743158 0.4331874882
0.2801528882 0.3128872309 0.4069598809
0.3144112434 0.2815807152 0.4040080414
0.315946043 0.2885746375 0.3954793195
0.2653795413 0.3301608669 0.4044595918
0.2930134187 0.2955800725 0.4114065088
0.2811880834 0.2830441037 0.4357678129
0.2842163841 0.3129425128 0.4025865805
0.2933722369 0.2787817913 0.4278459718
0.2655686474 0.311085204 0.4233461486
0.2994475328 0.301729285 0.3988231821
0.3013597106 0.2556656848 0.4429746046
0.322257116 0.2958623302 0.3818805538
0.2811182647 0.3097044456 0.4091772897
0.2800815961 0.3087997982 0.4111186056
0.2585181636 0.3122903787 0.4291914577
0.2742537962 0.2793111042 0.4464350996
0.2910869926 0.2987408025 0.4101722049
0.2948940009 0.2800899894 0.4250160097
0.2953079091 0.2624812008 0.4422108901
0.2735337383 0.2736323347 0.452833927
0.294683629 0.2925069244 0.4128094466
0.2819079177 0.278493928 0.4395981543
0.2961362672 0.2838551774 0.4200085554
0.276339401 0.2895829514 0.4340776476
0.2957275403 0.2935669647 0.410705495
0.2780066694 0.3126653838 0.4093279468
0.3171931512 0.3063175492 0.3764892996
0.2752334251 0.2976455218 0.4271210531
0.3075776083 0.2902146193 0.4022077724
0.2614951152 0.3085149485 0.4299899363
0.3061158303 0.2778797119 0.4160044578
0.280067422 0.2964819493 0.4234506287
0.2862684818 0.2785623649 0.4351691532
0.2886487535 0.29333055 0.4180206966
0.302942728 0.2843183816 0.4127388904
0.3031337042 0.2954193936 0.4014469022
0.2846177129 0.2997320501 0.415650237
0.2610368872 0.275363603 0.4635995099
0.3004723824 0.2805916378 0.4189359798
0.3094292015 0.3065223423 0.3840082269
0.2980319187 0.2972634487 0.4047046326
0.2931872632 0.3156044158 0.391208321
0.29158886 0.2945199003 0.4138912397
0.2958722888 0.2735678183 0.4305598929
0.3054732661 0.2880616929 0.406465041
0.2997946212 0.2661073597 0.4340980191
0.2891224598 0.2748113629 0.4360661773
0.2944603684 0.2734479349 0.4320916967
0.2817091495 0.3052182288 0.4130726216
0.2832265278 0.3047916053 0.4119818669
0.3096986966 0.3044288697 0.3858724336
0.2738729287 0.2932529074 0.4328741639
0.2741823158 0.2992531454 0.4265645388
0.2747374088 0.3058650814 0.4193975098
0.2983037877 0.2628309738 0.4388652105
0.2995196147 0.3054082257 0.3950721596
0.3138338013 0.2592519876 0.4269142111
0.2788120082 0.2833039066 0.4378840851
0.3046203674 0.3019665961 0.3934130365
0.2894843802 0.2883687754 0.4221468444
0.3086499664 0.3099013704 0.3814486632
0.2936519489 0.2879145799 0.4184334711
0.2832234904 0.2921816176 0.4245609205
0.3060017194 0.2825885887 0.4114096919
0.2971447947 0.3014902092 0.4013649961
0.2835981608 0.3068150036 0.4095868357
0.295227888 0.3155807953 0.3891913167
0.2864449653 0.3041521909 0.4093967644
0.3081814272 0.2712965632 0.4205220096
0.2983192181 0.2711035909 0.430577191
0.2862667279 0.2870617369 0.4266715352
0.3253288546 0.2727676178 0.4019035275
0.2717104698 0.286848573 0.4414409572
0.2908855893 0.2808817161 0.4282326946
0.2799381163 0.2958361675 0.4242257162
0.2779227935 0.2978459983 0.4242312082
0.3073792546 0.2883385314 0.404282214
0.280715654 0.2679468784 0.4513374676
0.3063625501 0.2976973803 0.3959400697
0.2674054941 0.3025741444 0.430019225
0.2816771335 0.3038271361 0.4144957304
0.2630075318 0.3267829109 0.4102095573
0.286472682 0.274771664 0.438755654
0.2931254431 0.2980159311 0.4088586258
0.28971634 0.2876161523 0.4226675077
0.2942314813 0.291208313 0.4145602057
0.2933483362 0.2910011998 0.415650464
0.298038725 0.2879269329 0.4140342356
0.2725511544 0.3089410991 0.4185077465
0.2768132051 0.2771269752 0.4460598197
0.2956183291 0.2871985947 0.4171830762
0.3062465904 0.2750319813 0.4187214283
0.2896894257 0.2867276567 0.4235829176
0.301952848 0.3112383341 0.3868088179
0.2787992375 0.2753647188 0.4458360437
0.2800294765 0.3049038164 0.4150667071
0.2931204175 0.2807295091 0.4261500734
0.2782311977 0.2818644594 0.4399043428
0.3050211835 0.3048783145 0.390100502
0.2596486055 0.2939888269 0.4463625677
0.3090842186 0.2903253394 0.400590442
0.3115722553 0.2776786341 0.4107491106
0.3032441376 0.2682838224 0.42847204
0.3356849413 0.2591246229 0.4051904358
0.2868228884 0.3120864725 0.4010906391
0.3118414678 0.2845796792 0.403578853
0.3129401009 0.2712226011 0.415837298
0.2884692575 0.2969883364 0.4145424061
0.2645242904 0.3021978346 0.4332778751
0.293798182 0.2681145562 0.4380872618
0.2760794433 0.31707101 0.4068495467
0.273982811 0.2978377182 0.4281794708
0.3075850732 0.2919839973 0.4004309295
0.2897649505 0.2706974495 0.4395375999
0.3088918549 0.2806763827 0.4104317624
0.2750765086 0.2857647691 0.4391587224
0.2828101448 0.3007028957 0.4164869595
0.2995200047 0.2811091914 0.4193708038
0.2941158811 0.2831174459 0.422766673
0.2686765307 0.2739865001 0.4573369692
0.3002199635 0.2840074177 0.4157726189
0.2695152082 0.2728323593 0.4576524325
0.3002076573 0.2837294975 0.4160628452
0.3282755081 0.2892008754 0.3825236165
0.287626444 0.2827405714 0.4296329846
0.2982558389 0.2875033683 0.4142407928
0.2833453747 0.2914590809 0.4251955445
0.3054478326 0.2934375019 0.4011146655
0.2978197742 0.2800390186 0.4221412072
0.2815087792 0.2950066896 0.4234845312
0.2815469937 0.2957265571 0.4227264487
0.2820562402 0.2890123281 0.4289314317
0.2864773079 0.2943202125 0.4192024796
0.2867936712 0.2922356359 0.4209706929
0.2880757382 0.3234000621 0.3885241998
0.3135078354 0.279809619 0.4066825457
0.2914059649 0.2843555345 0.4242385006
0.3041076727 0.2876492861 0.4082430413
0.2867812425 0.3017035204 0.4114033043
0.3130338548 0.268901039 0.4180651062
0.2887134172 0.2922776295 0.4190089533
0.2862042691 0.2930221133 0.4207736176
0.2736612404 0.2796175245 0.4461336563
0.2965881994 0.2865319278 0.4168798728
0.2960413075 0.2781133193 0.4258453733
0.2629362327 0.2939964592 0.4430673081
0.2816712186 0.2595104109 0.4588183704
0.2881082116 0.2899724691 0.4219193193
0.3125455173 0.269912855 0.4175416277
0.3029395102 0.2597449155 0.4373155743
0.2731534769 0.2858445574 0.4410019657
0.29932681 0.2939482476 0.4067249424
0.2820613681 0.3170056793 0.4009329525
0.2869806763 0.2931329818 0.4198863419
0.3355555574 0.2656984337 0.3987460088
0.2985404174 0.2856569815 0.4158026011
0.2687743746 0.304150802 0.4270748234
0.2925131265 0.2982719829 0.4092148906
0.3163104492 0.2701025663 0.4135869845
0.2623587621 0.2887568813 0.4488843566
0.2955233118 0.3089910316 0.3954856566
0.291424927 0.288850922 0.419724151
0.3413072734 0.2769827618 0.3817099649
0.2994840816 0.2840689108 0.4164470076
0.2899661621 0.2938938103 0.4161400277
0.2664204051 0.3020761164 0.4315034785
0.2756842599 0.2889440536 0.4353716865
0.2718885961 0.2999032404 0.4282081635
0.2867336267 0.302246754 0.4110196193
0.2890849366 0.290362259 0.4205528044
0.3158680986 0.2840750601 0.4000568413
0.3128313268 0.303839421 0.3833292523
0.2930662733 0.2949557529 0.4119779738
0.2783822142 0.2917090178 0.429908768
0.2908879455 0.2979964553 0.4111155992
0.2968147534 0.2970802151 0.4061050315
0.2963801533 0.2883509875 0.4152688592
0.299811544 0.2829533938 0.4172350622
0.2876450053 0.3013367332 0.4108416191
0.2864074548 0.2899169676 0.4236755776
0.2873428346 0.2967943546 0.4158628109
0.2815112706 0.3125715377 0.4059171917
0.2919004214 0.2731214489 0.4349781297
0.2822820466 0.2827827643 0.4349351891
0.2561816163 0.3086583677 0.4351600161
0.3026698589 0.2804704653 0.4168596758
0.2871322018 0.2891793375 0.4236884607
0.278290726 0.2959647178 0.4257445562
0.2639488553 0.3088902591 0.4271608857
0.3093915485 0.2889452541 0.4016631974
0.2911507582 0.2769937444 0.4318554974
0.2978714924 0.2901126063 0.4120159013
0.2978489651 0.2892437942 0.4129072407
0.2879575111 0.3022798029 0.409762686
0.2799051433 0.2888323935 0.4312624632
0.2788895193 0.2851275751 0.4359829056
0.3201324316 0.2611360967 0.4187314717
0.288987784 0.2791132429 0.4318989731
0.2884716747 0.2891068975 0.4224214278
0.3004805829 0.294372136 0.4051472811
0.2898585109 0.3074576838 0.4026838053
0.265542136 0.2729131644 0.4615446995
0.2779337216 0.2888650613 0.4332012171
0.2681462853 0.3098291313 0.4213979219
0.29206424 0.2857071168 0.4222286432
0.2817650041 0.3133644351 0.4048705608
0.2812861948 0.2858363034 0.4328775018
0.3108170737 0.2904845328 0.3986983935
0.2921606531 0.2800896695 0.4277496773
0.2624920393 0.3015402302 0.4359677306
0.3005351187 0.2956105949 0.4038542863
0.3011063087 0.2814198002 0.4174738912
0.3115545021 0.278956469 0.4094890289
0.3197409733 0.3027336892 0.3775253376
0.3196383531 0.2699405768 0.4104210701
0.2995385966 0.3157132853 0.3847481181
0.3018163906 0.3000476643 0.398135945
0.2791272966 0.2866713631 0.4342013403
0.2736908945 0.2959527758 0.430263099
0.3103263075 0.2841099128 0.4055637797
0.2700208828 0.3051892975 0.4247898198
0.3170904192 0.2795541284 0.4033554524
0.2832516907 0.2945409051 0.4222074042
0.2718501887 0.2878378599 0.4403119514
0.2973597561 0.2747323712 0.4279078727
0.2997442675 0.2917242783 0.4085314541
0.3126950947 0.2897751606 0.3975297448
0.2806756724 0.2858686917 0.4334556359
0.2864215163 0.2899613748 0.4236171089
0.304226986 0.3001771747 0.3955958393
0.2787755782 0.336662829 0.3845615928
0.3093183697 0.2849411734 0.4057404569
0.3000903232 0.286605377 0.4133042998
0.2861936301 0.287816432 0.4259899379
0.2723149361 0.2960386637 0.4316464002
0.2847655661 0.2936818654 0.4215525685
0.3194524289 0.2823299183 0.3982176528
0.303684951 0.2891571916 0.4071578575
0.2954895069 0.2806715295 0.4238389636
0.3195644344 0.2758871715 0.404548394
0.2896504639 0.280443188 0.4299063482
0.3160590673 0.2870638111 0.3968771217
0.2892525371 0.2897913637 0.4209560992
0.296408007 0.2853110004 0.4182809926
0.2763608489 0.3155372365 0.4081019146
0.3139845621 0.2782647184 0.4077507195
0.296377165 0.2883581356 0.4152646994
0.3180916262 0.274309707 0.4075986669
0.2799533889 0.3022456805 0.4178009306
0.3072559824 0.2886417087 0.4037775926
0.2596634117 0.3046298641 0.4357067242
0.2947575322 0.3025372641 0.4027052037
0.2669240813 0.2977683804 0.4353075383
0.2737501345 0.2787843042 0.4474655612
0.2882469094 0.2919276495 0.4198254411
0.2597692921 0.3223469938 0.417883714
0.2989724654 0.2825739035 0.4184536311
0.2995510422 0.2889927569 0.4114562008
0.3002197618 0.2693614115 0.4304188267
0.2700766397 0.2949089098 0.4350144505
0.2879942574 0.2792034533 0.4328022894
0.2921240093 0.2827150211 0.4251609696
0.289966373 0.2817046212 0.4283290058
0.2802448449 0.2942756598 0.4254794953
0.2961508477 0.2896022088 0.4142469435
0.3073538245 0.2764981052 0.4161480702
0.3075514677 0.2753810881 0.4170674441
0.3141924269 0.3074616022 0.3783459709
0.296394926 0.2759992849 0.4274887474
0.2798024028 0.3054302737 0.4147673235
0.2862141174 0.3066718253 0.4071140573
0.2761628918 0.2982495775 0.4255875307
0.3203753971 0.2618055216 0.4178190813
0.286063097 0.2704316107 0.4435052923
0.2937711746 0.2845549105 0.421673915
0.2842292657 0.2894942402 0.4262764941
0.3047060433 0.2836039212 0.4116900355
0.2888246004 0.2891022754 0.4220731241
0.3155907811 0.2949905559 0.389418663
0.2877278469 0.2993565563 0.4129155969
0.281604896 0.2838351883 0.4345599157
0.2992718991 0.2705708854 0.4301572155
0.2805221239 0.2970652646 0.4224104811
0.2907639982 0.293069391 0.4161645946
0.2968221719 0.2764550228 0.4267228052
0.2815411291 0.2912726728 0.4271861981
0.2874019508 0.2730634242 0.4395304463
0.2951062255 0.284703654 0.4201901205
0.2780153983 0.2874965041 0.4344880976
0.2873118945 0.2906237975 0.422064308
0.2802099362 0.2802705556 0.4395195082
0.3066767274 0.2562455589 0.4370777137
0.2852241841 0.2882701799 0.426505636
0.2783746191 0.2827939347 0.4388314462
0.3003756651 0.2964628558 0.4031614792
0.2845319223 0.2892600185 0.4262080593
0.2779000316 0.2889128327 0.4331871358
0.289343181 0.3014511025 0.4092057165
0.3121076728 0.2673592556 0.4205330716
0.2736937531 0.3042867667 0.4220194802
0.2864236836 0.2905729265 0.4230033899
0.2660357326 0.2791052668 0.4548590006
0.3007813441 0.2685773174 0.4306413385
0.308059616 0.2808935311 0.4110468529
0.2860557166 0.307134377 0.4068099064
0.2868148235 0.2719005099 0.4412846666
0.317206556 0.2751946791 0.4075987649
0.2739929526 0.2871809658 0.4388260816
0.2903108031 0.293794163 0.4158950339
0.2547542791 0.3018612152 0.4433845056
0.2690686991 0.312428092 0.4185032089
0.2966340487 0.2986964676 0.4046694837
0.3016769818 0.2990753874 0.3992476307
0.2940697433 0.3204906534 0.3854396034
0.2783023941 0.3010086204 0.4206889855
0.3295916583 0.2778098146 0.3925985272
0.3119491186 0.2830803813 0.4049705001
0.2570696419 0.2896733588 0.4532569993
0.2830093431 0.3081048001 0.4088858568
0.3014269264 0.3073375669 0.3912355067
0.2950146638 0.3073057654 0.3976795708
0.2731130852 0.3095624761 0.4173244387
0.2840368592 0.2762620501 0.4397010906
0.2940985787 0.3275919416 0.3783094796
0.2766265847 0.3169700288 0.4063634791
0.2989838266 0.2884852435 0.4125309299
0.3105805818 0.2801492517 0.4092701665
0.2694789467 0.2822843527 0.4482367007
0.2933801879 0.3089642508 0.3976555612
0.2967954257 0.2931002548 0.4101043195
0.2843122543 0.2928723315 0.4228154142
0.2926114565 0.2774085112 0.4299800322
0.2867210117 0.2822906135 0.4309883748
0.281880267 0.316063305 0.402056428
0.3166145605 0.2668024174 0.4165830221
0.298702614 0.2701307836 0.4311666024
0.3008075022 0.2894374269 0.4097550709
0.2674710388 0.3114709874 0.4210579737
0.2806432688 0.2873564031 0.4320003281
0.2968642088 0.2919221344 0.4112136568
0.2989120997 0.2982616505 0.4028262498
0.277374281 0.2907171923 0.4319085267
0.296679407 0.3008954861 0.4024251069
0.289311711 0.3030813825 0.4076069065
0.3054796115 0.2638486335 0.430671755
0.2761453649 0.3036427414 0.4202118937
0.2728411122 0.3042475326 0.4229113552
0.2824036784 0.3082246175 0.4093717041
0.2716703921 0.2965912513 0.4317383566
0.2945291739 0.2845933904 0.4208774357
0.269620048 0.328001509 0.4023784431
0.2672893338 0.3045178843 0.4281927819
0.2836981605 0.2936582518 0.4226425862
0.2999427992 0.2727788053 0.4272783955
0.2796572005 0.298320108 0.4214354007
0.3274230018 0.2775169058 0.3950600925
0.3083877222 0.2955301488 0.396082129
0.3113063827 0.2817291792 0.4069644381
0.2902778614 0.2950394457 0.4146826929
0.3155718334 0.2778274922 0.4066006744
0.2964534298 0.3147172059 0.3888293643
0.2692905872 0.3032765105 0.4274329023
0.3178166119 0.308293899 0.3738894891
0.2608560506 0.2986828298 0.4404611196
0.2729178449 0.3099368425 0.4171453126
0.2751979528 0.274520056 0.4502819912
0.2992240303 0.277012552 0.4237634177
0.2840560894 0.2958106127 0.4201332978
0.3019242904 0.270690046 0.4273856636
0.2800736039 0.2854824707 0.4344439253
0.2994788603 0.2735353896 0.42698575
0.3072956719 0.2951251775 0.3975791506
0.2647137558 0.2781281657 0.4571580784
0.2790774044 0.3015345333 0.4193880623
0.2721862865 0.2936273244 0.4341863891
0.2825805988 0.2857779803 0.4316414209
0.3134579752 0.2912598737 0.3952821512
0.277956297 0.297255569 0.424788134
0.2864593803 0.3202642499 0.3932763698
0.2940784652 0.2903956071 0.4155259278
0.2806835393 0.312130776 0.4071856847
0.2957077285 0.2781248914 0.4261673802
0.3183074539 0.2812276399 0.4004649062
0.3002590269 0.2815591087 0.4181818644
0.3055754635 0.2904084614 0.4040160752
0.2712705658 0.3052546904 0.4234747438
0.2809619385 0.314070168 0.4049678934
0.3232274797 0.2724293938 0.4043431265
0.27875225 0.3296247464 0.3916230036
0.29495409 0.274039934 0.431005976
0.3008033558 0.286266396 0.4129302482
0.2877104672 0.2630068313 0.4492827014
0.2936356355 0.2859904204 0.4203739441
0.2812120456 0.3149917396 0.4037962148
0.2771818963 0.3017420798 0.4210760239
0.2784360028 0.3086354932 0.412928504
0.2920197899 0.3067178498 0.4012623603
0.2887252928 0.2924715421 0.4188031651
0.306895979 0.2917794116 0.4013246093
0.2634024574 0.2834405046 0.453157038
0.2908616386 0.2915835711 0.4175547903
0.2815527964 0.3038648836 0.41458232
0.2976056505 0.302963289 0.3994310606
0.3049598414 0.2650773089 0.4299628497
0.3053850973 0.272375711 0.4222391917
0.3015989149 0.2635161843 0.4348849009
0.2939901923 0.2722089331 0.4338008746
0.2708356589 0.3039765421 0.4251877989
0.2970685234 0.2972616756 0.4056698011
0.2869206066 0.2958866823 0.4171927111
0.2985057583 0.2952931793 0.4062010623
0.2979711996 0.2925215435 0.4095072569
0.3043612207 0.2767084944 0.4189302849
0.2648915458 0.296994042 0.4381144122
0.2846653552 0.2878346171 0.4275000277
0.3123190885 0.2764903232 0.4111905883
0.295019558 0.2763089216 0.4286715205
0.2734779669 0.2809000698 0.4456219633
0.289839912 0.2956233032 0.4145367848
0.286448441 0.2900573968 0.4234941622
0.2933926678 0.271799093 0.4348082392
0.2964904251 0.2929424115 0.4105671634
0.2745032812 0.2792190969 0.4462776219
0.2814275124 0.2689100124 0.4496624752
0.2871216302 0.2787181145 0.4341602553
0.2918573118 0.300330593 0.4078120952
0.2679831556 0.3181328914 0.4138839531
0.286671858 0.2949036902 0.4184243525
0.3203320014 0.2781801295 0.3998817332
0.2919256019 0.2959576404 0.4121167578
0.3051449798 0.2722766455 0.4225783747
0.29953823 0.2934564204 0.4070053496
0.2542401778 0.3114560954 0.4343037268
0.2912447124 0.2903770534 0.4183782342
0.2877282275 0.3138428023 0.3984289702
0.276135057 0.3052461749 0.4186187681
0.2941567577 0.2827574164 0.4230858259
0.2820651603 0.2963333875 0.4216014521
0.3000331055 0.3032871331 0.3966797614
0.3037677429 0.3004447653 0.3957874918
0.2896678637 0.2955921577 0.4147399786
0.2978913186 0.2777739231 0.4243347584
0.3205005558 0.2627422165 0.4167572277
0.285156564 0.2866154653 0.4282279707
0.27262442 0.3017670764 0.4256085036
0.2982343512 0.2760248838 0.425740765
0.2783313582 0.2942451428 0.427423499
0.3026079049 0.2833000506 0.4140920445
0.3150159091 0.2930357455 0.3919483454
0.3048457744 0.2929489079 0.4022053177
0.2869851316 0.2752076275 0.4378072409
0.2869794179 0.2944433899 0.4185771922
0.2967387508 0.3075068435 0.3957544057
0.3202151981 0.2791181411 0.4006666608
0.2732136504 0.3140248235 0.412761526
0.2901656994 0.2955447402 0.4142895603
0.3171471246 0.2755577653 0.4072951101
0.2753837742 0.2902860065 0.4343302193
0.2938629117 0.2998935324 0.4062435559
0.2767880771 0.3266365443 0.3965753785
0.2656502984 0.266342442 0.4680072596
0.2842538262 0.2899428482 0.4258033256
0.2761425183 0.2853466721 0.4385108096
0.3115361951 0.2926785883 0.3957852166
0.2879700251 0.2902759587 0.4217540163
0.2917375208 0.2683168791 0.4399456002
0.300230253 0.3011781411 0.3985916059
0.2886085621 0.278571986 0.4328194519
0.2938866209 0.3149515598 0.3911617702
0.2928296216 0.2871667489 0.4200036295
0.2831360497 0.3008648993 0.4159990511
0.285913854 0.2853670449 0.428719101
0.3090987172 0.3122817248 0.378619558
0.294517653 0.293064376 0.412417971
0.2784245628 0.3228302553 0.3987451818
0.2564952055 0.3021467264 0.4413580681
0.2747005336 0.2824173157 0.4428821507
0.2795641365 0.2876101052 0.4328257582
0.3107379468 0.2884278325 0.4008342208
0.3291237057 0.275434297 0.3954419973
0.2808340727 0.3033478698 0.4158180575
0.2967205431 0.2714099511 0.4318695058
0.2984215631 0.2902841985 0.4112942383
0.2652570134 0.2769145709 0.4578284157
0.2760256889 0.2952148676 0.4287594435
0.309244691 0.2890586591 0.4016966499
0.2855791493 0.2991195922 0.4153012585
0.2972573349 0.2710322843 0.4317103808
0.2738378088 0.2960824277 0.4300797624
0.2957290711 0.2952934631 0.4089774658
0.2900104894 0.3052894838 0.4047000268
0.2907348645 0.3217358904 0.3875292451
0.2802570923 0.2930984831 0.4266444245
0.3191824693 0.2959840042 0.3848335265
0.267274207 0.3128939621 0.4198318309
0.3201407672 0.2935691395 0.3862900933
0.3097926437 0.2830431954 0.4071641609
0.278621298 0.3019601081 0.4194185939
0.287092172 0.292033357 0.420874471
0.3159649133 0.2743497673 0.4096853194
0.2840320517 0.2800935189 0.4358744295
0.2638892256 0.2928825737 0.4432282007
0.2819203292 0.3241110124 0.3939686584
0.2600703859 0.3111843563 0.4287452578
0.2840748853 0.3061185709 0.4098065438
0.2914420237 0.2847793184 0.4237786579
0.3056221862 0.2925064219 0.4018713919
0.2761845277 0.2699014006 0.451344343
0.2911400075 0.2951108887 0.4137491038
0.3080713077 0.2849372463 0.406991446
0.285437966 0.2766813504 0.4378806836
0.2777761661 0.2938122826 0.4284115513
0.2694209295 0.2977727158 0.4328063546
0.3046713134 0.3038767521 0.3914519346
0.2749400176 0.2868526838 0.4382072986
0.2868297858 0.2964669238 0.4167032904
0.3081332814 0.272186784 0.4196799346
0.2962666364 0.2550752566 0.4486581071
0.2910704983 0.2567068945 0.4522226073
0.266579697 0.3096152789 0.4238050241
0.2868435351 0.3111693671 0.4019870979
0.2949778222 0.2791165375 0.4259056403
0.2968078805 0.2848188476 0.4183732718
0.3043970382 0.2826386282 0.4129643335
0.2824436066 0.274642307 0.4429140864
0.2546325809 0.3134450083 0.4319224108
0.2839609429 0.2892329689 0.4268060882
0.2713667312 0.3016445749 0.4269886939
0.2771910091 0.29513663 0.4276723609
0.281377641 0.2883016304 0.4303207286
0.3162705231 0.2863797227 0.3973497542
0.2889333706 0.2941553722 0.4169112571
0.3132055257 0.2586355647 0.4281589096
0.2745859508 0.2808448197 0.4445692295
0.3001510958 0.2766499388 0.4231989654
0.2995698121 0.2801320843 0.4202981036
0.2796531143 0.2990695302 0.4212773555
0.295540259 0.2885175023 0.4159422387
0.2970963178 0.2723307077 0.4305729744
0.320921657 0.2895518953 0.3895264478
0.3044049561 0.277805218 0.4177898258
0.2874870532 0.2915308422 0.4209821047
0.2686919096 0.3043844924 0.426923598
0.2845607629 0.2765690939 0.4388701433
0.289293349 0.2604548728 0.4502517782
0.2882520584 0.287339981 0.4244079606
0.2735628149 0.2829821872 0.4434549979
0.2904506863 0.2924474247 0.417101889
0.3144256516 0.3024388709 0.3831354775
0.2904901205 0.2822504705 0.427259409
0.2774374124 0.3103643086 0.412198279
0.2969777549 0.2922025985 0.4108196466
0.2633455452 0.3050239315 0.4316305233
0.2960458816 0.287675876 0.4162782424
0.3058732021 0.3043722359 0.3897545621
