"p_1" "p_2" "p_3"
0.3170759514 0.4026958801 0.2802281685
0.3059167226 0.4152948242 0.2787884532
0.276140673 0.4140876787 0.3097716483
0.287283936 0.4225568174 0.2901592466
0.2857178594 0.4527304943 0.2615516463
0.295362781 0.4131301059 0.2915071131
0.2770410385 0.425773619 0.2971853424
0.2872051726 0.3984631689 0.3143316585
0.3069276196 0.3933742897 0.2996980907
0.2924969824 0.4130762788 0.2944267388
0.28569901 0.4252677664 0.2890332236
0.3357778766 0.38394487 0.2802772535
0.281202727 0.390907107 0.327890166
0.2838022065 0.4244093652 0.2917884283
0.2677108703 0.4396153921 0.2926737375
0.2922864737 0.4017675481 0.3059459782
0.2822260539 0.4220613116 0.2957126345
0.2848603743 0.4326598782 0.2824797475
0.2755150223 0.451151767 0.2733332107
0.2700384204 0.4269395632 0.3030220164
0.2698974404 0.4347224137 0.2953801459
0.297629969 0.4171526401 0.2852173909
0.2904558845 0.4278072201 0.2817368955
0.3050821385 0.3967462301 0.2981716314
0.3130382324 0.3900403397 0.2969214279
0.2900080356 0.4318753613 0.278116603
0.2823275057 0.444897079 0.2727754152
0.2962015702 0.4306586463 0.2731397835
0.2862632019 0.4016664741 0.3120703241
0.3033479497 0.3939929952 0.3026590551
0.279097455 0.4300891723 0.2908127277
0.2862073293 0.4326077926 0.2811848781
0.2946263988 0.4117075511 0.2936660501
0.2871934923 0.4295120317 0.283294476
0.2983890213 0.4005883506 0.3010226281
0.2856998605 0.4399913342 0.2743088053
0.2719933355 0.4436687739 0.2843378906
0.2882161542 0.4429330623 0.2688507836
0.2935738876 0.4215764247 0.2848496877
0.30183016 0.4237696679 0.2744001721
0.2955878201 0.4288944013 0.2755177786
0.269708045 0.4479067854 0.2823851696
0.279255839 0.4059065382 0.3148376228
0.2875499122 0.4175129011 0.2949371867
0.29852796 0.4060441851 0.294727621
0.3087606668 0.4185465778 0.2726927554
0.2752281037 0.4326750257 0.2920968706
0.2896396731 0.4174548848 0.2929054422
0.2809517808 0.4136261528 0.3054220663
0.289762413 0.39344123 0.316796357
0.2862415301 0.4371754051 0.2765830648
0.262165788 0.4045666381 0.3332675739
0.2949143165 0.4116548664 0.2934308171
0.2832820614 0.423314101 0.2934037788
0.3017512147 0.4069864662 0.2912623191
0.2919700467 0.4265729463 0.281457007
0.3232628614 0.4126637734 0.2640733652
0.3145923112 0.3994459472 0.2859617416
0.2996473325 0.4175163384 0.2828363291
0.2738300575 0.436766168 0.2894037744
0.2906748697 0.4221064603 0.28721867
0.2871656329 0.4097891139 0.3023970563
0.3117330799 0.4070633048 0.2812036153
0.2708995164 0.4306027851 0.2984976985
0.2962372315 0.4338164863 0.2699462822
0.278997015 0.4256541228 0.2953488622
0.2843630922 0.4436928435 0.2719440643
0.2936392891 0.4227456011 0.2836151098
0.2732514501 0.4297221806 0.2970263693
0.296114488 0.4191616494 0.2847238626
0.2823398668 0.4368768765 0.2807832567
0.2869950995 0.4173970645 0.2955958189
0.3343557393 0.4144270576 0.2512172031
0.2849570918 0.426500736 0.2885421721
0.2881556736 0.3934912601 0.3183530663
0.3094757918 0.391733823 0.2987903851
0.2880696226 0.4113688919 0.3005614855
0.2824808298 0.4087475727 0.3087715974
0.2765928144 0.4250222389 0.2983849467
0.3131989386 0.4155083972 0.2712926642
0.2749265658 0.441525029 0.2835484052
0.2891308525 0.4375064946 0.2733626529
0.2974655464 0.4191542797 0.2833801739
0.2938998149 0.4267659694 0.2792601965
0.2709156445 0.4430687535 0.286015602
0.2802207965 0.415345334 0.3044338695
0.3024222285 0.4075206068 0.2900571647
0.2993864967 0.4267941357 0.2738193677
0.3013496271 0.4035727235 0.2950776494
0.2696665846 0.4418882734 0.288445142
0.2828449171 0.4324447739 0.284710309
0.286484041 0.4232305204 0.2902854386
0.2786061634 0.4211976742 0.3001961625
0.2793578708 0.4217245864 0.2989175428
0.3110038759 0.413947153 0.2750489711
0.2784117192 0.4260269039 0.2955613768
0.2845384194 0.4387577478 0.2767038329
0.3053562844 0.4040808745 0.2905628411
0.2877363148 0.4223092606 0.2899544246
0.2903988999 0.4063180308 0.3032830693
0.29255712 0.4241183513 0.2833245287
0.2698394685 0.4230301355 0.307130396
0.2728858193 0.4342956783 0.2928185024
0.2851201218 0.4102631368 0.3046167415
0.2992989462 0.4206689993 0.2800274762
0.3010169272 0.4229905706 0.2759925022
0.278714009 0.4308387896 0.2904472014
0.2856794912 0.43584261 0.2784778988
0.2731280596 0.424217278 0.3026545733
0.2963457362 0.417620551 0.2860337129
0.2670315591 0.4490525734 0.2839158675
0.2825211387 0.439217232 0.2782616292
0.3038577573 0.4037370374 0.2924052053
0.289133671 0.4254525912 0.2854137378
0.282156085 0.4140178775 0.3038260375
0.2847123008 0.4288756048 0.2864120944
0.2958979243 0.4304755089 0.2736265668
0.3296175335 0.377858414 0.2925240525
0.3011566906 0.427387783 0.2714555265
0.3090120425 0.4195793525 0.2714086051
0.2899562896 0.434871376 0.2751723344
0.3060137507 0.4226188556 0.2713673937
0.2820917429 0.4198465826 0.2980616746
0.303226936 0.4222918453 0.2744812186
0.2795649912 0.4156297869 0.3048052219
0.2972029225 0.3996511556 0.3031459219
0.2752589589 0.4272124969 0.2975285442
0.2860494105 0.4150881683 0.2988624212
0.2850730503 0.4317098995 0.2832170502
0.2848913394 0.4348539567 0.280254704
0.293529337 0.435392597 0.271078066
0.2992124134 0.4245452146 0.276242372
0.2884295796 0.4142885967 0.2972818237
0.2902935924 0.4115914979 0.2981149096
0.2948908565 0.4323845014 0.2727246421
0.3051402463 0.4213136401 0.2735461136
0.2997235967 0.391798615 0.3084777883
0.2633713064 0.4442385938 0.2923900997
0.3092774548 0.4006501319 0.2900724133
0.3015593412 0.4079838822 0.2904567766
0.3067851219 0.4072073354 0.2860075428
0.2821624476 0.4319106126 0.2859269398
0.2736340689 0.4382835102 0.2880824209
0.2831145259 0.4152951999 0.3015902742
0.2988347058 0.4379535602 0.263211734
0.2608166708 0.4514989866 0.2876843426
0.2636530906 0.4246726703 0.3116742391
0.3065582833 0.4224637489 0.2709779678
0.2955417155 0.4275725677 0.2768857169
0.3076624229 0.3976480122 0.2946895649
0.3165757661 0.3809874186 0.3024368153
0.2674147645 0.461523488 0.2710617475
0.2773310916 0.3984238286 0.3242450798
0.2974179803 0.4163559223 0.2862260975
0.2900839151 0.4276592006 0.2822568844
0.2751535762 0.4131294977 0.3117169261
0.2848547991 0.3977512325 0.3173939684
0.2959647212 0.4383986176 0.2656366612
0.2900427737 0.4178346985 0.2921225279
0.281483378 0.4317615409 0.2867550811
0.2946549455 0.4222560108 0.2830890437
0.2845562706 0.4233180193 0.2921256958
0.2960169146 0.4235491533 0.280433932
0.3022858753 0.4033230799 0.2943910448
0.2943148318 0.4140646929 0.2916204753
0.2784251793 0.4221527128 0.2994221079
0.3025556318 0.4187097747 0.2787345935
0.3184393164 0.4245554655 0.2570052181
0.3094913603 0.4135370502 0.2769715895
0.2792464082 0.4353648785 0.2853887134
0.2835714206 0.4201109449 0.2963176345
0.291510494 0.3991721269 0.3093173791
0.2951119527 0.3970662952 0.3078217521
0.2696700269 0.3901261666 0.3402038065
0.2916722071 0.4305938139 0.277733979
0.2958677656 0.4251064321 0.2790258022
0.2707982558 0.4278588319 0.3013429123
0.288114627 0.4000156344 0.3118697386
0.3099504724 0.4082805876 0.28176894
0.2982741538 0.4234498954 0.2777788896
0.2805092739 0.4398805837 0.2796101425
0.2931319648 0.4002737212 0.306594314
0.3096768668 0.404296711 0.2860264222
0.285976257 0.4173060155 0.2967177275
0.289507543 0.4117091855 0.2987832715
0.2738596441 0.4327547268 0.2933856291
0.299716761 0.4116339675 0.2886492715
0.298383128 0.4129357534 0.2886811186
0.2772221798 0.4335257678 0.2892520524
0.2704603967 0.4563098445 0.2732297587
0.2857445283 0.4116511831 0.3026042886
0.3085141036 0.3882214711 0.3032644253
0.2886140886 0.4181143731 0.2932715383
0.2878100415 0.4364937558 0.2756962027
0.277119742 0.4466385608 0.2762416973
0.2891859169 0.4301759104 0.2806381727
0.2757172041 0.436233932 0.2880488639
0.3003656825 0.4029816964 0.2966526211
0.2796198674 0.4221682424 0.2982118902
0.278812027 0.4272725383 0.2939154346
0.2706360233 0.4457497394 0.2836142373
0.3063018846 0.3979563472 0.2957417682
0.2842508697 0.4205465143 0.2952026159
0.2795332928 0.4070093141 0.3134573931
0.2552014493 0.450744704 0.2940538467
0.2873951734 0.4112047652 0.3014000614
0.2950762504 0.4138087141 0.2911150355
0.2724002042 0.4284639959 0.2991357998
0.3034466577 0.4093898052 0.2871635371
0.2839660101 0.4330493329 0.2829846571
0.3023965697 0.4316777961 0.2659256343
0.2755201409 0.4367420471 0.287737812
0.2868008865 0.4321549251 0.2810441884
0.2559256237 0.4355717391 0.3085026372
0.2915540071 0.415176045 0.2932699479
0.3094330972 0.3968041167 0.2937627861
0.2681103252 0.4172807601 0.3146089147
0.3005318342 0.4181676917 0.2810521393
0.2943050345 0.4050241391 0.3006708264
0.2631856011 0.4348100186 0.3020043803
0.3323831891 0.4046570782 0.2629597327
0.2929904224 0.4399159728 0.2670936048
0.2951806927 0.3910339032 0.3137854041
0.2604650481 0.4143927989 0.325142153
0.308088075 0.3977932483 0.2941186768
0.2926486168 0.42290776 0.2844436231
0.2887847415 0.4076541555 0.3035611029
0.2863196862 0.4331194982 0.2805608157
0.282799147 0.4143469685 0.3028538845
0.2854259031 0.4212427511 0.2933313459
0.2880170634 0.4074609886 0.304521948
0.294099075 0.4067049653 0.2991886532
0.2718696947 0.4252444449 0.3028858605
0.2924438593 0.4143577705 0.2931983702
0.2852521057 0.4323356616 0.2824122327
0.2996759586 0.4094584074 0.290865634
0.2992676923 0.4050273805 0.2957049272
0.2826130008 0.4265749997 0.2908119995
0.2808630446 0.4339576668 0.2851792885
0.2943857623 0.4049252782 0.3006889596
0.2859395831 0.4277425314 0.2863178855
0.272093617 0.432696369 0.2952100141
0.2901569842 0.4267375871 0.2831054288
0.3032689365 0.4202993578 0.2764315881
0.2767464089 0.4428977584 0.2803558327
0.3348130717 0.3974170412 0.2677698871
0.3114623539 0.41568962 0.2728480261
0.2788845211 0.4348530353 0.2862624435
0.3261205186 0.4025495347 0.2713299467
0.281636517 0.4384400409 0.2799234422
0.2879610379 0.3919723397 0.3200666225
0.2852646353 0.4329990889 0.2817158721
0.3139097304 0.4061096157 0.2799806539
0.3274344593 0.3668583385 0.3057072022
0.2938970129 0.4207319542 0.2853710329
0.2847373228 0.4214600522 0.293802625
0.2886320965 0.4101486897 0.3012192138
0.2410506171 0.4580133417 0.3009360412
0.3007215664 0.4063656819 0.2929127518
0.2847771047 0.4244829427 0.2907399526
0.302610669 0.4107514879 0.2866378431
0.2936721739 0.4268291752 0.2794986509
0.2985223106 0.4195575539 0.2819201355
0.2849656963 0.4391574682 0.2758768355
0.2852087981 0.4268690926 0.2879221094
0.302048866 0.4028628016 0.2950883324
0.2744580535 0.4268377525 0.2987041939
0.2720892703 0.430303927 0.2976068027
0.3085849306 0.4040526988 0.2873623706
0.2890692867 0.425230427 0.2857002863
0.2860414164 0.4046544104 0.3093041732
0.2870271506 0.3863919888 0.3265808606
0.2862990969 0.4271213177 0.2865795855
0.3044059555 0.4226163595 0.2729776849
0.2648787783 0.4368227354 0.2982984863
0.2992886718 0.4187102738 0.2820010544
0.2768565416 0.4455521468 0.2775913116
0.3119308822 0.4034468503 0.2846222674
0.3054503044 0.3845918283 0.3099578673
0.2797974429 0.427968095 0.2922344621
0.2706441384 0.4311280221 0.2982278395
0.2974934661 0.398735401 0.3037711329
0.2861691904 0.4341416928 0.2796891168
0.2824191365 0.4359618924 0.2816189712
0.295210125 0.4293037482 0.2754861268
0.2804311847 0.4134920778 0.3060767375
0.2764300459 0.4294538571 0.294116097
0.3113458963 0.4236708987 0.264983205
0.2680258334 0.426739899 0.3052342675
0.2826048889 0.4427082646 0.2746868465
0.2909450078 0.4028625878 0.3061924044
0.2873793445 0.4110942997 0.3015263558
0.2838760344 0.3881711036 0.327952862
0.2941475157 0.4221293614 0.2837231229
0.2912130174 0.4104498884 0.2983370942
0.3220990106 0.4229994628 0.2549015266
0.2926602209 0.4206511928 0.2859256362
0.2858919716 0.4250845787 0.2890234497
0.2753593043 0.4538909255 0.2707497702
0.2803805991 0.4630978551 0.2565215457
0.2678589632 0.4462693539 0.2858716829
0.2707512303 0.4110451307 0.318203639
0.2907532721 0.4158938407 0.2932451424
0.2815255547 0.4374260391 0.2810484062
0.2905586009 0.4107077912 0.2987336078
0.2715687554 0.4250400918 0.3033911527
0.2802255642 0.4286145611 0.2911598747
0.2888200013 0.4126908176 0.2984891811
0.2735488555 0.4069988646 0.3194522798
0.3284666126 0.3986823505 0.2728510369
0.2992708872 0.4213205148 0.2794085979
0.2828082729 0.411087327 0.3061044001
0.2781904576 0.4104509742 0.3113585682
0.275962328 0.4359801088 0.2880575631
0.3085303093 0.4127540192 0.2787156715
0.3083096791 0.4122298055 0.2794605154
0.2511355824 0.4269415844 0.3219228333
0.2944014547 0.3868501227 0.3187484226
0.2921800908 0.4184537068 0.2893662023
0.2933899897 0.4291299179 0.2774800924
0.2689531521 0.4103617238 0.3206851241
0.302654624 0.4101843769 0.2871609991
0.3068089844 0.4320041315 0.2611868841
0.3067424245 0.4047865975 0.288470978
0.3209900115 0.4140318363 0.2649781522
0.2836583968 0.423078056 0.2932635472
0.3018151428 0.4074683692 0.290716488
0.3084511951 0.4189826769 0.272566128
0.3006572035 0.4107966139 0.2885461826
0.2838693011 0.3998273576 0.3163033413
0.2801134386 0.4124082668 0.3074782946
0.2751895353 0.4708002265 0.2540102382
0.2790936299 0.4410302144 0.2798761557
0.297792652 0.4235308251 0.2786765228
0.3001570905 0.4403497305 0.259493179
0.3144810207 0.4014801398 0.2840388395
0.2707341931 0.4449515366 0.2843142703
0.2861871239 0.4280233692 0.2857895069
0.2962949994 0.4356356979 0.2680693027
0.2929298422 0.4416565979 0.2654135599
0.2973713889 0.4114388727 0.2911897384
0.2813523186 0.4386887896 0.2799588918
0.279382885 0.4095025581 0.3111145569
0.3140491348 0.4053645651 0.2791182181
0.2919230172 0.4108763257 0.2972006571
0.2787233705 0.4242918585 0.2969847711
0.3083769706 0.4172912026 0.2743318268
0.2754052348 0.4228033958 0.3017913694
0.3076003934 0.400117066 0.2922825406
0.2848304604 0.4228515857 0.292317954
0.2730002572 0.3994885238 0.327511219
0.2874169039 0.4411447629 0.2714205872
0.2923675191 0.4163609837 0.2912714972
0.3019650183 0.4422007761 0.2558342056
0.276000827 0.423454204 0.300544969
0.2606184221 0.4402553456 0.2991262323
0.2987522154 0.4215105392 0.2797372454
0.295059978 0.4214223904 0.2835176316
0.2981547318 0.3971294195 0.3047158487
0.2959777234 0.4139238429 0.2900984337
0.2913033726 0.4076454647 0.3010511628
0.2761382731 0.4321770803 0.2916846467
0.2995681088 0.3938132259 0.3062785161
0.3054529699 0.3911604875 0.3033865426
0.2916782708 0.4158455032 0.292476226
0.2941258561 0.4242641834 0.2816099605
0.284032271 0.4326274753 0.2833402538
0.32416837 0.406163969 0.269667661
0.292291602 0.3938295134 0.3138788847
0.2808912723 0.423018796 0.2960899317
0.2831313766 0.4288634745 0.2880051489
0.283665379 0.426104608 0.2902300129
0.2724269526 0.4277685537 0.2998044937
0.2893443687 0.403704277 0.3069513543
0.2935013874 0.4281881996 0.278310413
0.2979208085 0.3974896741 0.3045895174
0.2788771285 0.4189747797 0.3021480918
0.2619754527 0.4476772649 0.2903472825
0.2784908051 0.4325219887 0.2889872062
0.2917236874 0.407273112 0.3010032006
0.2865861478 0.403813342 0.3096005102
0.30566411 0.406735363 0.287600527
0.2756470387 0.40510627 0.3192466914
0.265319669 0.4548143825 0.2798659485
0.2854702724 0.3830921708 0.3314375567
0.3164454839 0.4049726095 0.2785819067
0.3206681764 0.3942564374 0.2850753863
0.2658189854 0.4552761461 0.2789048685
0.2943574766 0.4142220695 0.2914204539
0.2909491888 0.4157647594 0.2932860518
0.3173934047 0.3990052192 0.2836013762
0.3228440512 0.3973907909 0.2797651579
0.2909417134 0.4301192451 0.2789273807
0.3064841306 0.4090459844 0.284469885
0.2781872609 0.4285121566 0.2933005825
0.3006953797 0.4249264772 0.2743781432
0.3001773167 0.4084163802 0.291406303
0.2994813944 0.4333633084 0.2671552972
0.2891487811 0.4208100882 0.2900411308
0.2975199809 0.4234608496 0.2790191695
0.2895855554 0.406808385 0.3036060596
0.2849221698 0.4151706479 0.2999071823
0.2907292168 0.4189132728 0.2903575104
0.3114555186 0.4175928717 0.2709516097
0.2917974749 0.4027159328 0.3054865923
0.2797222693 0.4064400769 0.3138376538
0.3268282455 0.4183569325 0.254814822
0.3114172707 0.3932445103 0.2953382191
0.2800301108 0.4205712828 0.2993986065
0.2918988698 0.4335310436 0.2745700866
0.3049143215 0.4183584535 0.276727225
0.2932296669 0.4224567754 0.2843135577
0.2663275103 0.4484682569 0.2852042328
0.2781652908 0.432536336 0.2892983733
0.31955698 0.4228269131 0.2576161069
0.2695970432 0.4461744419 0.2842285149
0.2993277349 0.4291712998 0.2715009654
0.2762856805 0.4347128375 0.289001482
0.3157995943 0.3994258697 0.284774536
0.2871347533 0.4220661448 0.2907991019
0.2770817713 0.4406625664 0.2822556623
0.2925679734 0.4168937424 0.2905382842
0.3049691094 0.4176091124 0.2774217782
0.2983600556 0.4083494303 0.2932905141
0.2796725152 0.4223340854 0.2979933994
0.295058082 0.4296480016 0.2752939164
0.3140012363 0.3970292548 0.2889695089
0.2993289368 0.4192515267 0.2814195366
0.273702655 0.4120471778 0.3142501673
0.3057288868 0.4021271242 0.2921439891
0.2896522726 0.4337769448 0.2765707826
0.283076043 0.4098974691 0.3070264879
0.2909248112 0.424545723 0.2845294658
0.3024879619 0.4318062463 0.2657057919
0.2713203296 0.4342355107 0.2944441598
0.3040360363 0.4312195032 0.2647444605
0.2660268499 0.4594910364 0.2744821137
0.3109328799 0.4028753967 0.2861917233
0.3006184027 0.3922579135 0.3071236838
0.2764161903 0.4367508484 0.2868329612
0.2825548379 0.3874090147 0.3300361474
0.3110983571 0.4116542797 0.2772473632
0.2984754092 0.3987102999 0.302814291
0.2868212692 0.4025700392 0.3106086916
0.2623477305 0.4225228939 0.3151293757
0.2828371879 0.4129554825 0.3042073295
0.276613451 0.4210557388 0.3023308103
0.2641209622 0.4508134779 0.2850655599
0.2781408301 0.4318925413 0.2899666286
0.2924940477 0.4260938273 0.2814121251
0.280732253 0.4230955701 0.2961721769
0.2882394219 0.4088944043 0.3028661738
0.2725945725 0.4061700186 0.3212354089
0.3048608701 0.4023112355 0.2928278944
0.265754909 0.4218212497 0.3124238413
0.2804208557 0.4301613824 0.2894177278
0.296330274 0.396147471 0.3075222551
0.2742313009 0.4259732739 0.2997954252
0.285286738 0.4331323868 0.2815808752
0.2957838183 0.4265255251 0.2776906567
0.3275684299 0.4153711287 0.2570604414
0.325510032 0.4024596241 0.272030344
0.2663385187 0.4119388029 0.3217226784
0.2947449819 0.40491859 0.3003364281
0.304611072 0.4185645183 0.2768244098
0.3101156655 0.4046130956 0.2852712389
0.2742577754 0.4316106441 0.2941315805
0.3094937995 0.4208595156 0.2696466849
0.2937788583 0.4020822605 0.3041388812
0.2971146599 0.4139134873 0.2889718529
0.3103707951 0.4209587869 0.268670418
0.2890303785 0.4297044664 0.2812651551
0.303683422 0.4182412633 0.2780753147
0.3005182696 0.4138743777 0.2856073527
0.291103614 0.4032501633 0.3056462227
0.2750171091 0.4206818573 0.3043010337
0.3008018141 0.3958587404 0.3022201686
0.2867040018 0.40772216 0.3055738382
0.2786870158 0.4257914831 0.2955215011
0.2974549383 0.4120606718 0.29048439
0.3171622401 0.4071659462 0.2756718137
0.2959006968 0.4191708857 0.2849284175
0.2909392662 0.4121366347 0.2969240991
0.2927761493 0.4134894296 0.2937344211
0.2973018862 0.4014664 0.3012317138
0.2893533977 0.4417466569 0.2688999454
0.2953768273 0.4342728124 0.2703503603
0.2825981329 0.391266482 0.3261353851
0.2970293763 0.4110541292 0.2919164945
0.289467014 0.4149928709 0.295540115
0.2703039524 0.4226768507 0.3070191968
0.309973844 0.3938179562 0.2962081999
0.2963987623 0.4292495949 0.2743516428
0.3047086674 0.3986663765 0.2966249561
0.2973135176 0.4270373045 0.2756491779
0.2869029166 0.4516490526 0.2614480308
0.3146213587 0.3912848789 0.2940937624
0.2962551308 0.4059250641 0.2978198051
0.2858895491 0.4248075808 0.2893028702
0.290952841 0.3941558276 0.3148913314
0.3063786636 0.3929625836 0.3006587528
0.2810239616 0.420137555 0.2988384833
0.2991631359 0.3988747589 0.3019621053
0.2919620702 0.4222965044 0.2857414253
0.3002499576 0.4166540915 0.2830959509
0.2924609449 0.4151615976 0.2923774575
0.2896091563 0.4197046745 0.2906861691
0.2731115915 0.4416293487 0.2852590598
0.3181219754 0.4080743715 0.2738036531
0.2607434484 0.4301735834 0.3090829682
0.2949804352 0.4242952232 0.2807243416
0.2988518302 0.4140023037 0.2871458661
0.2877921416 0.4193147647 0.2928930937
0.3048619902 0.4265792945 0.2685587152
0.2898193075 0.4238784342 0.2863022583
0.3005606615 0.3928686463 0.3065706922
0.2853498857 0.4184619107 0.2961882037
0.2920868526 0.4208646006 0.2870485468
0.2949704082 0.4426832416 0.2623463502
0.2967393865 0.4072342366 0.2960263769
0.3015460943 0.4168734069 0.2815804988
0.3189115846 0.4068513913 0.2742370241
0.2762815728 0.4256165457 0.2981018816
0.3021698363 0.4181966766 0.2796334871
0.2884887207 0.4115873404 0.2999239389
0.2931214692 0.4091096222 0.2977689086
0.2931100734 0.4116083225 0.2952816042
0.2957809029 0.4252376664 0.2789814308
0.3122829883 0.4199811874 0.2677358243
0.2951696958 0.4189573883 0.2858729159
0.3127800712 0.4217385063 0.2654814225
0.2703438127 0.3932869141 0.3363692731
0.2951430814 0.4399744342 0.2648824844
0.2721489314 0.4135727119 0.3142783567
0.336176269 0.3938605405 0.2699631905
0.2697166106 0.4286582091 0.3016251803
0.3089262743 0.4200260607 0.271047665
0.2880731458 0.4193909234 0.2925359308
0.2967559394 0.3936659271 0.3095769576
0.279593738 0.4294378113 0.2909684506
0.2894941736 0.4246993777 0.2858064486
0.2878394316 0.4193491893 0.2928113791
0.304927944 0.3958563422 0.2992157137
0.2834440952 0.4325272439 0.2840286609
0.2688747782 0.433280545 0.2978446768
0.2597506105 0.4296628573 0.3105865322
0.3049486169 0.3943581813 0.3006932018
0.2852807541 0.4359292128 0.2787900331
0.2920610072 0.4345664277 0.273372565
0.2731652868 0.4427439242 0.284090789
0.2772756198 0.4444392027 0.2782851775
0.2950010203 0.4114449541 0.2935540256
0.2948086115 0.4342067984 0.2709845901
0.28178078 0.452314684 0.265904536
0.3037318167 0.4121148061 0.2841533772
0.2782759783 0.4195317068 0.302192315
0.2719093728 0.4361005819 0.2919900452
0.2924366903 0.4431082393 0.2644550705
0.2562083569 0.4362838753 0.3075077678
0.3111476598 0.416763171 0.2720891693
0.2830723205 0.4129835394 0.30394414
0.288219061 0.401635944 0.310144995
0.2814257682 0.423449721 0.2947168604
0.2826888534 0.4051157118 0.3121954348
0.3054906709 0.4115061535 0.2830031757
0.2754633082 0.4320319778 0.292504707
0.2914436094 0.4349371384 0.2736192522
0.2909345992 0.4123549139 0.2967104869
0.2768449003 0.444021336 0.2791337637
0.2849547756 0.4076086303 0.3074365941
0.2815603926 0.4370980562 0.2813415513
0.2720097128 0.4178744233 0.3101158638
0.3013055118 0.3966117572 0.302082731
0.2985595516 0.4325447525 0.2688956958
0.2793664928 0.435932503 0.2847010043
0.3187197125 0.4052835779 0.2759967096
0.2840695123 0.421510464 0.2944200237
0.2990032313 0.3765817596 0.3244150091
0.3035499168 0.4110537029 0.2853963803
0.2842241362 0.4174659604 0.2983099034
0.2963441436 0.4206729162 0.2829829402
0.2796473536 0.4161476215 0.3036477894
0.2782149092 0.4234131528 0.298371938
0.2911536776 0.4236753562 0.2851709662
0.297345094 0.4080280527 0.2946268533
0.2798840942 0.4200825794 0.3000333263
0.3004107642 0.3976406245 0.3019486113
0.2743798525 0.4371597952 0.2884603523
0.2959211653 0.4179133326 0.2861655021
0.2979388539 0.4183939656 0.2836671805
0.2866997544 0.4324682621 0.2808319835
0.2842716767 0.4448267653 0.270901558
0.295751108 0.4478553268 0.2563935652
0.2817109785 0.4116514981 0.3066375234
0.2568099162 0.4525001309 0.2906899529
0.2946442029 0.4139248221 0.291430975
0.2860501322 0.4201456698 0.293804198
0.2616822947 0.449935151 0.2883825543
0.2877658786 0.4201363339 0.2920977875
0.26778123 0.4376303632 0.2945884068
0.3111839015 0.4237510917 0.2650650068
0.2941633245 0.4122759183 0.2935607572
0.2867283256 0.4150838313 0.2981878431
0.2728732876 0.4232063247 0.3039203878
0.2995321986 0.3920468918 0.3084209096
0.3050686423 0.3979838063 0.2969475514
0.2796243131 0.4247469573 0.2956287296
0.3100048753 0.4252092932 0.2647858315
0.2866466665 0.4387612267 0.2745921068
0.2888847668 0.4559922271 0.2551230062
0.2865744223 0.4271450627 0.2862805149
0.2847067266 0.4188085253 0.2964847481
0.2870264894 0.4191827218 0.2937907888
0.2905914455 0.4281599458 0.2812486087
0.2876822631 0.4222834438 0.2890707269
0.2813562634 0.396866299 0.3217774377
0.2858054842 0.4484541346 0.2657403812
0.2879422034 0.4276420633 0.2844157333
0.2932933582 0.4340981743 0.2726084676
0.2740585746 0.4349765481 0.2909648773
0.2706575885 0.4479503449 0.2813920666
0.2852795274 0.4236475128 0.2910729598
0.2924303818 0.4146227828 0.2929468354
0.2827111446 0.445246246 0.2720426094
0.2987459008 0.3764906496 0.3247634496
0.2944981047 0.40673483 0.2987670652
0.3191259269 0.3984741868 0.2823998863
0.2937562103 0.436273975 0.2699698147
0.3065269739 0.4174124238 0.2760606023
0.297713085 0.3802466751 0.32204024
0.2890747011 0.4261075135 0.2848177854
0.2969242256 0.4029124253 0.3001633491
0.2877641529 0.4183010724 0.2939347746
0.2927405671 0.4202526437 0.2870067892
0.284181296 0.4188918247 0.2969268793
0.2833960764 0.4020986694 0.3145052542
0.2861227066 0.4051030412 0.3087742523
0.2788016164 0.4304410832 0.2907573004
0.2798724616 0.4061839073 0.3139436311
0.296304057 0.416339745 0.287356198
0.2724916193 0.4494556555 0.2780527252
0.2903988315 0.4381983275 0.271402841
0.2900339686 0.4370865673 0.2728794641
0.3145434545 0.4235479051 0.2619084668
0.2802955075 0.4154088257 0.3042956668
0.3057528116 0.4133223726 0.2809248158
0.2734758888 0.4397579035 0.2867662077
0.2845964268 0.4119727607 0.3034308124
0.309444409 0.4044643888 0.2860912022
0.2724566704 0.4209474484 0.3065958812
0.2850462927 0.4127179524 0.3022357549
0.3085908576 0.3899275293 0.3014816131
0.2880812724 0.4207846112 0.2911341164
0.2967167286 0.3963550429 0.3069282285
0.3001819417 0.3940920002 0.3057260581
0.2867725436 0.4175297643 0.2956976921
0.2702361036 0.4267673299 0.3029965664
0.3008491768 0.4192986744 0.2798521488
0.2973117689 0.4185807733 0.2841074579
0.2927816015 0.4261830741 0.2810353244
0.2839520407 0.4207058415 0.2953421178
0.2929947155 0.4115721025 0.295433182
0.2912453212 0.4128023074 0.2959523713
0.2690867916 0.4347705067 0.2961427017
0.2765144216 0.4348447489 0.2886408295
0.3000769842 0.4251798222 0.2747431936
0.2900318006 0.4194996744 0.290468525
0.3004808876 0.4069668514 0.292552261
0.3161881448 0.3940031799 0.2898086752
0.2763338362 0.4325746293 0.2910915345
0.293932314 0.4053622257 0.3007054594
0.2891677939 0.4312181335 0.2796140726
0.2779857958 0.4056885825 0.3163256217
0.28012113 0.431531131 0.288347739
0.2549938187 0.4578517703 0.287154411
0.2857479386 0.4277152425 0.2865368189
0.2584962577 0.4418887239 0.2996150184
0.3235542935 0.3853934124 0.2910522941
0.3047932768 0.4137196382 0.2814870849
0.2919783545 0.4178003907 0.2902212548
0.2989773464 0.4172024242 0.2838202294
0.3006219088 0.4549839446 0.2443941466
0.2933131491 0.4053749851 0.3013118658
0.2804046139 0.4420626789 0.2775327072
0.2862108682 0.4248983138 0.2888908181
0.289981389 0.4290365647 0.2809820463
0.2860213888 0.4435135565 0.2704650547
0.2952559469 0.4107976724 0.2939463807
0.2993268556 0.4077379812 0.2929351632
0.2881644918 0.423016781 0.2888187272
0.2967353374 0.4175611054 0.2857035572
0.3079091882 0.3915012103 0.3005896016
0.2868043577 0.4200503377 0.2931452506
0.298895159 0.4148480187 0.2862568223
0.3035160974 0.3945783581 0.3019055445
0.298811168 0.4189223853 0.2822664467
0.3115181899 0.4265111012 0.2619695391
0.2759990733 0.4411314051 0.2828695216
0.294492451 0.414217348 0.291290201
0.2878313979 0.4352138681 0.276954734
0.2834945644 0.4273608516 0.289144584
0.2873506415 0.3954006093 0.3172487492
0.2892003922 0.4026131036 0.3081865042
0.2905403331 0.4195432412 0.2899164257
0.3109173056 0.4080536821 0.2810290123
0.3230650062 0.4130100998 0.263924894
0.3045614308 0.4250334971 0.2704050721
0.267527729 0.4314392651 0.3010330059
0.2813965514 0.4140918487 0.3045116
0.2934977284 0.3959250898 0.3105771818
0.2802904386 0.4312515189 0.2884580425
0.2876303822 0.3916718014 0.3206978164
0.2995363551 0.4350648755 0.2653987694
0.2740796351 0.4113108025 0.3146093246
0.293205174 0.4233615535 0.2834332725
0.3131580198 0.3950707108 0.2917712694
0.2806802362 0.4329693896 0.2863503742
0.2788606433 0.4416325939 0.2795067628
0.2667623885 0.4219465454 0.3112910661
0.2770299411 0.4338296866 0.2891403723
0.2778328192 0.4466512468 0.275515934
0.2634087854 0.4427524932 0.2938387214
0.3013606212 0.4165647977 0.2820745811
0.2696488168 0.4376269676 0.2927242156
0.3089450788 0.4040732799 0.2869807531
0.3077031037 0.4191753179 0.2731215784
0.3177874148 0.3771944315 0.3050181536
0.2798288412 0.4183052093 0.3018659495
0.3060120848 0.3955541489 0.2984337663
0.2733163875 0.4328502724 0.2938333401
0.2927625356 0.4140308418 0.2931829701
0.2658644956 0.4310069523 0.3031285522
0.2725847497 0.4462368934 0.2811783569
0.2932293782 0.409302622 0.2974679998
0.303518756 0.4037904498 0.2926907942
0.2800243478 0.4196659535 0.3003096987
0.3073622541 0.4054032273 0.2872345186
0.2938305188 0.4414578932 0.264711588
0.2871219216 0.4158053443 0.2970727341
0.2943077547 0.4247847023 0.280907543
0.2809784719 0.4148268392 0.3041946889
0.2690407051 0.4147894888 0.316169806
0.2902014095 0.4158982836 0.2939003069
0.3034602486 0.410739381 0.2858003704
0.2598762377 0.4438711496 0.2962526128
0.2623087376 0.4548584486 0.2828328138
0.3082539302 0.3986023558 0.2931437141
0.2948065336 0.4063777767 0.2988156896
0.2873959262 0.4085639756 0.3040400983
0.2641009339 0.4479079085 0.2879911576
0.2900402696 0.4224662342 0.2874934962
0.3180378101 0.4318655683 0.2500966216
0.3147671391 0.4259006264 0.2593322345
0.2895401395 0.4183417574 0.2921181031
0.3000384674 0.4152360664 0.2847254661
0.2971191483 0.411940295 0.2909405566
0.2992854523 0.3980811718 0.3026333759
0.3039641624 0.4294350925 0.2666007451
0.2860362711 0.4177458289 0.2962179
0.2968324613 0.4118837705 0.2912837682
0.3333113373 0.405909486 0.2607791766
0.2812622951 0.4133035802 0.3054330855
0.2978389104 0.4370526074 0.2651084822
0.289609319 0.3951770701 0.3152136109
0.2990881417 0.3890322492 0.3118796091
0.3008622306 0.3941128429 0.3050249265
0.2957990733 0.4217139166 0.2824870101
0.2834017326 0.3973345042 0.3192637632
0.3013508576 0.412831374 0.2858177684
0.2992962241 0.4092377214 0.2914660545
0.291300746 0.4323380996 0.2755985587
0.2941857103 0.4106874636 0.2951268261
0.2821391024 0.4198500679 0.2980108296
0.3042533727 0.417669875 0.2780767523
0.2839344108 0.4148296216 0.3012359676
0.2703326094 0.4519860685 0.2776813222
0.2896895478 0.4225882045 0.2877222477
0.2752013387 0.4236252818 0.3011733795
0.3099042949 0.3792924701 0.310803235
0.2792082769 0.4225595938 0.2982321293
0.2706392596 0.4349777658 0.2943829746
0.2860870959 0.4072217995 0.3066911047
0.2812911135 0.4366598431 0.2820490434
0.2933207432 0.4281976597 0.2784815971
0.2943119194 0.4403392289 0.2653488518
0.3011076106 0.4108440759 0.2880483135
0.2914351523 0.4126926104 0.2958722373
0.2871910129 0.4102348592 0.3025741279
0.2791730155 0.4491247879 0.2717021965
0.2707281982 0.4319188197 0.2973529821
0.2711497359 0.4255821554 0.3032681087
0.2975164835 0.4034213375 0.299062179
0.2972759636 0.4183094856 0.2844145508
0.2848375128 0.4035806225 0.3115818647
0.3288417117 0.3968722697 0.2742860181
0.3071650647 0.4238011752 0.2690337601
0.2942602899 0.4109603684 0.2947793417
0.2902014332 0.4216642007 0.2881343662
0.3041727949 0.4182539936 0.2775732115
0.2897611567 0.4499297882 0.2603090551
0.261370114 0.4366958485 0.3019340375
0.3044732087 0.4173393602 0.2781874312
0.2813587026 0.4408968804 0.277744417
0.3008124003 0.4084886949 0.2906989048
0.2969280849 0.4194861283 0.2835857868
0.2948228175 0.4240232629 0.2811539196
0.2972064362 0.4135945088 0.289199055
0.2924884223 0.437341491 0.2701700867
0.294303594 0.40950843 0.296187976
0.3099166241 0.4048387982 0.2852445777
0.2762141239 0.4207617784 0.3030240976
0.280691776 0.4229469964 0.2963612276
0.277559785 0.450253099 0.272187116
0.2620542497 0.4448311888 0.2931145615
0.2835212362 0.4021424511 0.3143363128
0.2817991234 0.4262590419 0.2919348339
0.2833821426 0.4397904057 0.2768274516
0.3420625134 0.4189063463 0.2390311403
0.2775255791 0.4375482568 0.2849261641
0.2922398463 0.4177973198 0.2899628339
0.2971128538 0.4041107491 0.2987763971
0.3013245435 0.3970559254 0.301619531
0.2640917676 0.4409087895 0.2949994428
0.2895711565 0.421846642 0.2885822016
0.2893517287 0.4164690135 0.2941792578
0.2650034265 0.4501535677 0.2848430058
0.2864048231 0.4367974275 0.2767977495
0.2757820448 0.4251088631 0.2991090922
0.312673392 0.4114168635 0.2759097445
0.2791174347 0.461955736 0.2589268293
0.3004571448 0.4114591954 0.2880836598
0.3213592578 0.4101988346 0.2684419076
0.2771590511 0.4172685187 0.3055724302
0.2508868053 0.4363851078 0.3127280869
0.279636707 0.4450980966 0.2752651964
0.3207586982 0.4045035114 0.2747377904
0.29101802 0.4085640582 0.3004179218
0.2518717119 0.4371925508 0.3109357374
0.2819497816 0.4115298781 0.3065203404
0.2847259436 0.4261416927 0.2891323637
0.3001007807 0.4263829471 0.2735162722
0.3009492404 0.4109455389 0.2881052207
0.2923123131 0.4222945713 0.2853931156
0.3068942835 0.42034938 0.2727563365
0.2945145894 0.4121980601 0.2932873506
0.2742086453 0.4285350292 0.2972563255
0.2859304889 0.4143317044 0.2997378067
0.2875340041 0.4219603323 0.2905056637
0.314832965 0.4046411291 0.2805259059
0.2764775949 0.4153801921 0.3080477793
0.3020949391 0.4002515045 0.2976535563
0.2796048465 0.4120283046 0.3083668489
0.2754054822 0.4517282173 0.2728663005
0.2911805618 0.4117486788 0.2970707594
0.2976928819 0.4342895956 0.2680175226
0.2832208974 0.4274784039 0.2893006986
0.3058806369 0.4246137702 0.2695055928
0.2688935386 0.4301230687 0.3009833928
0.310280763 0.4250570238 0.2646622132
0.3054977232 0.4234939407 0.2710083361
0.2844189013 0.4088297208 0.3067513779
0.2594866733 0.437944713 0.3025686137
0.2860361974 0.4283625031 0.2856012994
0.3067732715 0.4146593262 0.2785674024
0.2962111531 0.4174530768 0.2863357701
0.3037926341 0.4213114473 0.2748959186
0.2935259072 0.4166146431 0.2898594498
0.3088058262 0.3903338109 0.3008603629
0.292337655 0.3966703712 0.3109919737
0.2997768511 0.4212769634 0.2789461855
0.2928787158 0.4321435414 0.2749777428
0.2854635872 0.4500668415 0.2644695713
0.3010368503 0.4214477525 0.2775153972
0.2850687861 0.4240298046 0.2909014093
0.3135129297 0.4020168106 0.2844702597
0.2700110169 0.4629692468 0.2670197364
0.2954615854 0.397384102 0.3071543126
0.2540498988 0.4434437143 0.3025063869
0.2834112084 0.3970137743 0.3195750173
0.314359043 0.3734437249 0.3121972321
0.2894246788 0.4320576715 0.2785001868
0.2954273455 0.4101734582 0.2943991963
0.3219445279 0.4160923076 0.2619609914
0.2757446139 0.4521313522 0.2721240339
0.3122284147 0.4152834993 0.272488086
0.2836064692 0.4313327532 0.2850607775
0.2834216325 0.432478156 0.2841001056
0.2692754404 0.4354734166 0.295251143
0.2990255163 0.4105512456 0.2904178313
0.3005084791 0.3987101655 0.3007813553
0.2784499655 0.4255596579 0.2959903767
0.2760760642 0.4192638686 0.3046600672
0.2799049097 0.4387995823 0.281295508
0.3108189546 0.4132324966 0.2759485488
0.2642298969 0.4370321034 0.2987379997
0.2935059733 0.4137960014 0.2926980253
0.2757309936 0.4358936295 0.288375377
0.2963588372 0.4149384105 0.2887027523
0.2827540899 0.4387777397 0.2784681704
0.3048221317 0.428856366 0.2663215022
0.2955125477 0.415995885 0.2884915674
0.2809596778 0.4401703177 0.2788700045
0.25565971 0.4421219791 0.3022183109
0.2869588627 0.4292753048 0.2837658325
0.2946339971 0.4148114734 0.2905545295
0.2853984652 0.3810558085 0.3335457263
0.288702639 0.4279284773 0.2833688837
0.3077072639 0.4129211085 0.2793716276
0.3032673695 0.4042021203 0.2924365742
0.2868953605 0.422984509 0.2901201305
0.2703786225 0.4324693231 0.2971520544
0.2928293474 0.4363496954 0.2708209572
0.2853214079 0.4208941719 0.2937844202
0.2748375242 0.4226591194 0.3025033564
0.302800053 0.4000190673 0.2971808797
0.2868699328 0.4368457959 0.2762842713
0.2972743632 0.4103976358 0.2921997294
0.287174842 0.4027064401 0.3101187179
0.3007314875 0.4377544239 0.2615140886
0.3051073898 0.4035854474 0.2913071629
0.2674122823 0.4341422887 0.298445429
0.2909035363 0.4230309451 0.2860655186
0.2908877685 0.3985086853 0.3106035462
0.2924344359 0.4240683266 0.2834972375
0.2793395938 0.4350032692 0.285657137
0.276197466 0.4088665456 0.3149359884
0.2916822344 0.4252170522 0.2831007134
0.3025959533 0.4149677676 0.2824362791
0.2934561403 0.4168483069 0.2896955528
0.2908444245 0.3999103968 0.3092451787
0.2854780878 0.4220433394 0.2924785728
0.3109169032 0.3957896069 0.2932934899
0.3013296643 0.3935543078 0.3051160279
0.2926421611 0.418956416 0.2884014228
0.3104035192 0.4004638168 0.289132664
0.299534045 0.4206465375 0.2798194175
0.2940919361 0.4246064998 0.2813015641
0.2793219912 0.4053990796 0.3152789292
0.2851017274 0.4224273608 0.2924709118
0.2840268219 0.4131249307 0.3028482474
0.3085408981 0.405253948 0.2862051539
0.3053959122 0.4256084039 0.2689956839
0.2595406665 0.4203206647 0.3201386688
0.2929236869 0.413802057 0.2932742561
0.2804652889 0.4242115959 0.2953231153
0.2816016862 0.3898025585 0.3285957553
0.2923568128 0.3995206197 0.3081225675
0.2760800509 0.4137987998 0.3101211493
0.3173097463 0.4214322116 0.261258042
0.2933500496 0.4273019404 0.27934801
0.2738517602 0.4139811071 0.3121671326
0.2756106683 0.4308266817 0.2935626501
0.3049532151 0.3995633893 0.2954833956
0.2981228083 0.3974929306 0.3043842611
0.277813932 0.402709526 0.319476542
0.2701664419 0.433760024 0.2960735342
0.296001113 0.4098284382 0.2941704488
0.3089482172 0.4150311247 0.2760206581
0.2998835952 0.3858843314 0.3142320734
0.3162822755 0.4068313605 0.276886364
0.3031649045 0.4030427684 0.2937923271
0.294426621 0.4142059514 0.2913674276
0.2828569172 0.4273967843 0.2897462985
0.299646756 0.4194790121 0.2808742318
0.2744026137 0.4206959913 0.304901395
0.2779767736 0.4287467206 0.2932765058
0.2917448819 0.3866538738 0.3216012443
0.2821456594 0.4434933715 0.274360969
0.2932089254 0.4461077529 0.2606833217
0.3110169482 0.4358477707 0.2531352811
0.2659047244 0.4420458634 0.2920494122
0.3044024334 0.416419129 0.2791784376
0.2898435203 0.4213977877 0.288758692
0.2719571672 0.4355272074 0.2925156254
0.3063051511 0.4252925201 0.2684023288
0.3052902433 0.4181961486 0.2765136081
0.2813135265 0.4127508331 0.3059356403
0.2989985035 0.403934341 0.2970671554
0.2906619336 0.4315277853 0.277810281
0.2938421343 0.4143536161 0.2918042496
0.3027382887 0.4105284953 0.286733216
0.276461257 0.4363885478 0.2871501952
0.2810939133 0.4478936237 0.2710124631
0.2761075425 0.4430270628 0.2808653947
0.3266831537 0.3993666017 0.2739502446
0.2889910359 0.4459218144 0.2650871497
0.2853265193 0.4207794211 0.2938940597
0.2883000789 0.428933005 0.2827669161
0.2911168267 0.4057987607 0.3029983156
0.2745864003 0.4391121443 0.2863014554
0.2876021813 0.4002713466 0.3121264721
0.2998812448 0.4221324237 0.2779863315
0.3154163413 0.4272826158 0.257301043
0.3023888714 0.4249870438 0.2725160586
0.2834518967 0.434701243 0.2818468602
0.3041804169 0.3924718761 0.303347707
0.2827190008 0.4292180691 0.2880629301
0.3101469425 0.4337416131 0.2561114444
0.3075643621 0.4236536702 0.2687819677
0.2878763622 0.4297782018 0.282345436
0.2809891477 0.4230384754 0.2959723769
0.2961002164 0.4200110102 0.2838887733
0.277460118 0.442395733 0.280144149
0.2757736543 0.4398381579 0.2843881878
0.2765989858 0.4529974486 0.2704035656
0.2804479451 0.4401565451 0.2793955098
0.2910940877 0.424409523 0.2844963893
0.2812083065 0.4452592579 0.2735324356
0.2858035436 0.4317698082 0.2824266481
0.2770792597 0.4429600954 0.279960645
0.2836588879 0.4118104421 0.30453067
0.2921926293 0.4030627348 0.3047446359
0.301265963 0.4176850024 0.2810490346
0.3048054776 0.4136069507 0.2815875717
0.2832920803 0.4083340614 0.3083738584
0.3087545041 0.414125966 0.2771195298
0.3073478291 0.4026910585 0.2899611124
0.3000376648 0.3944245666 0.3055377686
0.2920776564 0.4209098368 0.2870125068
0.2727142955 0.4451000023 0.2821857021
0.3018479748 0.4033860616 0.2947659637
0.2834726612 0.4125009398 0.304026399
0.2898750414 0.4198266878 0.2902982708
0.296295105 0.4114514146 0.2922534803
0.3035783919 0.4284610601 0.267960548
0.2756919105 0.4003509021 0.3239571874
0.2936453222 0.4433739509 0.2629807269
0.2794384897 0.4226273873 0.297934123
0.2694270881 0.4388408168 0.2917320951
0.2997570919 0.4281155044 0.2721274037
0.2888038505 0.4213339744 0.2898621751
0.3288536394 0.3826584045 0.2884879562
0.288352354 0.4166421849 0.2950054611
0.2744606541 0.4368077291 0.2887316168
