"p_1" "p_2" "p_3"
0.3148727993 0.2922913289 0.3928358718
0.2947069437 0.2882313054 0.4170617509
0.284830291 0.2871605733 0.4280091357
0.2991106529 0.3030941618 0.3977951853
0.2798255233 0.2927377371 0.4274367396
0.300211963 0.3010055659 0.3987824711
0.2754148997 0.307804309 0.4167807913
0.3041343802 0.2765369019 0.4193287179
0.2890253112 0.3050122102 0.4059624787
0.2944957869 0.2777689946 0.4277352185
0.2840126998 0.3075815432 0.408405757
0.2929002748 0.3032952045 0.4038045207
0.2908247971 0.2884774245 0.4206977784
0.2932500354 0.2924383348 0.4143116298
0.306720063 0.2939948345 0.3992554147
0.2913315149 0.295930099 0.4127383861
0.2935825034 0.2934839476 0.4129335489
0.2933608637 0.2761737576 0.4304653788
0.2680251241 0.3092193872 0.4227554887
0.2944103427 0.2827847134 0.4228049439
0.2795217681 0.3044638288 0.416014403
0.2980068784 0.272948528 0.4290445936
0.306154257 0.2824547695 0.4113909735
0.3256091853 0.2608943926 0.413496422
0.2887920876 0.3117298688 0.3994780436
0.3020872897 0.2948567165 0.4030559938
0.3019485194 0.2724341828 0.4256172978
0.2867376298 0.3034547941 0.4098075761
0.2745267556 0.3066972229 0.4187760215
0.3038291707 0.2901284575 0.4060423717
0.2823565519 0.2882857712 0.4293576769
0.2805022563 0.3134248135 0.4060729301
0.2977093673 0.2798151811 0.4224754517
0.2843731502 0.2972251222 0.4184017276
0.2832521089 0.2921678255 0.4245800657
0.2712726075 0.3079176291 0.4208097634
0.3043124646 0.2906335714 0.405053964
0.3072245779 0.257603202 0.4351722201
0.2857265746 0.2956773872 0.4185960382
0.31508802 0.2732308202 0.4116811598
0.3025923934 0.3108248499 0.3865827567
0.3048439588 0.2785629503 0.4165930909
0.2959591164 0.2921238305 0.4119170531
0.2917182634 0.2862165566 0.4220651799
0.2811302073 0.3111946257 0.407675167
0.2887768688 0.2864094794 0.4248101665
0.3073836485 0.3172421204 0.3753742311
0.2803043019 0.2920756035 0.4276200946
0.2796179214 0.300093823 0.4202882556
0.3136317779 0.2711301802 0.4152380419
0.3123016924 0.2751690192 0.4125292884
0.2969372747 0.2832068432 0.4198558821
0.2967131929 0.29008394 0.4132028671
0.2950734654 0.2815464122 0.4233801224
0.3014253068 0.2944929974 0.4040816958
0.3068192465 0.2930934962 0.4000872573
0.2866073908 0.2843146389 0.4290779703
0.2940476762 0.2847330872 0.4212192365
0.2777916373 0.2956781905 0.4265301722
0.3002488678 0.2950582314 0.4046929008
0.2694392165 0.3058963668 0.4246644167
0.2729386663 0.2930995762 0.4339617574
0.3005800233 0.3126539642 0.3867660125
0.2902768077 0.2943002444 0.4154229479
0.2801189452 0.3164247584 0.4034562965
0.2897448557 0.2938250965 0.4164300478
0.2858066255 0.3094747121 0.4047186624
0.2929233439 0.3067097199 0.4003669362
0.3106430201 0.3032838125 0.3860731675
0.2910802976 0.3079669607 0.4009527417
0.2892407971 0.3169124325 0.3938467704
0.2847043821 0.3000418634 0.4152537544
0.292202795 0.2940050408 0.4137921642
0.3042770573 0.2635730709 0.4321498719
0.2842680437 0.2712775403 0.444454416
0.2924822944 0.2873410188 0.4201766868
0.2715263721 0.2860136907 0.4424599372
0.3031662627 0.2755163589 0.4213173784
0.2891869912 0.2756150935 0.4351979153
0.2908607911 0.2875979993 0.4214337798
0.2462393003 0.279229912 0.4745307877
0.3132079394 0.2887714912 0.3980205694
0.295476094 0.3054346275 0.3990892785
0.2758656508 0.3150904329 0.4090439163
0.2779551003 0.293765903 0.4282789966
0.2715759473 0.2891511924 0.4392728603
0.2785473568 0.2803857832 0.44106686
0.2987563873 0.2871885355 0.4140550771
0.3323412131 0.2590627785 0.4085960083
0.284834789 0.3052810763 0.4098841347
0.2875084677 0.2829670064 0.429524526
0.2966803085 0.2900193849 0.4133003065
0.3086477989 0.2805874737 0.4107647274
0.2668639479 0.3109845881 0.422151464
0.2770088718 0.2820394744 0.4409516538
0.306253191 0.2828139857 0.4109328233
0.2850114127 0.2943855346 0.4206030528
0.2759577037 0.2859089925 0.4381333038
0.289521708 0.2828046211 0.4276736709
0.2967559801 0.2995756894 0.4036683306
0.2991975385 0.3026022561 0.3982002054
0.2978767719 0.2803209627 0.4217773997
0.3008457748 0.2853073389 0.4138468862
0.2625560332 0.296675663 0.4407683038
0.2748106322 0.3000620369 0.4251273309
0.2815741245 0.289409521 0.4290163545
0.2909198079 0.2918502232 0.417229969
0.3101806635 0.2885351662 0.4012841703
0.3229219477 0.2858815877 0.3911964646
0.261976915 0.3027524467 0.4352706383
0.2627458747 0.2887266124 0.4485275129
0.2979758295 0.2707921348 0.4312320357
0.2919591326 0.2986282038 0.4094126636
0.271357137 0.3045159852 0.4241268778
0.2678254233 0.310044183 0.4221303937
0.2924665519 0.286888168 0.4206452802
0.2927389382 0.2753640921 0.4318969697
0.2691489836 0.2974261188 0.4334248976
0.3133415024 0.3018316068 0.3848268908
0.3009346999 0.2867873609 0.4122779392
0.3131563791 0.2975808111 0.3892628098
0.2855613259 0.2858777999 0.4285608742
0.2758781034 0.2754711063 0.4486507903
0.2913596644 0.3158535749 0.3927867607
0.3180087032 0.3078358233 0.3741554735
0.3044059005 0.2895237863 0.4060703132
0.2802504024 0.271552109 0.4481900212
0.2933122935 0.308493834 0.3981938725
0.3027229521 0.254290453 0.4429865949
0.2988634059 0.3008473525 0.4002892416
0.287299104 0.2900616577 0.4226392382
0.268939873 0.2895321293 0.4415279977
0.3009234778 0.2632113463 0.4358651759
0.2930958063 0.3053008012 0.4016033925
0.3132981502 0.2781843611 0.4085174887
0.2887008802 0.2782221434 0.4330769764
0.2765675164 0.2775977821 0.4458347014
0.2765914591 0.2947929399 0.428615601
0.2777535658 0.2825381131 0.4397083211
0.2704293898 0.288520628 0.4410499822
0.2786465178 0.2985354851 0.4228179971
0.2724755499 0.2990398212 0.4284846289
0.2991744317 0.2877415713 0.413083997
0.2791445647 0.2762333963 0.444622039
0.2753341373 0.2927236402 0.4319422226
0.2797052786 0.2779557265 0.442338995
0.2764363359 0.2966426822 0.426920982
0.2705520661 0.2861422577 0.4433056762
0.2954572394 0.2869540971 0.4175886635
0.284867416 0.2719936506 0.4431389334
0.2995101668 0.2831591234 0.4173307098
0.2775792563 0.2974008018 0.4250199419
0.2951122087 0.2783290315 0.4265587598
0.2871670453 0.2744359357 0.438397019
0.3169322148 0.276671396 0.4063963892
0.3193969486 0.2672448418 0.4133582096
0.2990486966 0.2847769279 0.4161743755
0.2722923432 0.3093519189 0.4183557379
0.2871796004 0.2839844561 0.4288359435
0.2935009404 0.2907967014 0.4157023581
0.275174168 0.286864399 0.437961433
0.2699701152 0.3061866553 0.4238432296
0.2950100762 0.2873859837 0.4176039401
0.2994293401 0.2729209809 0.427649679
0.2848972623 0.2894307433 0.4256719944
0.2683513833 0.3041058231 0.4275427936
0.2883692647 0.2703401405 0.4410055081
0.2903795203 0.2714600406 0.438160439
0.3078039673 0.270455776 0.4217402567
0.2802835545 0.2841683432 0.4355481023
0.2825975794 0.2893739589 0.4280055984
0.2796518511 0.3006304907 0.4197176582
0.2736977528 0.2758941873 0.4504080599
0.2938159848 0.2865759571 0.4196080581
0.2744290589 0.3010896702 0.4244812709
0.2761146527 0.3054033014 0.4184820459
0.279365088 0.2770824916 0.4435524205
0.2980582483 0.2944906963 0.4074510553
0.3127555118 0.3029049392 0.384339549
0.3161792822 0.2748085353 0.4090121825
0.2930233004 0.3114413141 0.3955353855
0.2995749573 0.2789006685 0.4215243742
0.3168003206 0.2555786864 0.4276209931
0.2998341356 0.2692546953 0.4309111691
0.288848452 0.3188648571 0.392286691
0.2797322783 0.2871662485 0.4331014732
0.3123391652 0.2932792041 0.3943816307
0.2978506513 0.2873984845 0.4147508642
0.2614052161 0.2722136285 0.4663811554
0.2904756919 0.3080741254 0.4014501827
0.265750794 0.2995055688 0.4347436371
0.3032312725 0.2875276042 0.4092411233
0.2894105648 0.3028837096 0.4077057255
0.2855016718 0.2967533412 0.417744987
0.2806148632 0.2817712402 0.4376138966
0.2981576868 0.2849606238 0.4168816895
0.2667443893 0.2790729596 0.4541826511
0.3182751189 0.2802990448 0.4014258363
0.2948167746 0.2883721267 0.4168110987
0.2846008496 0.2817068493 0.4336367383
0.305149773 0.275844816 0.419005411
0.32008884 0.2929760088 0.3869351512
0.2846910979 0.2723764624 0.4429324397
0.2801848064 0.2823940062 0.4374211875
0.299783864 0.278461584 0.421754552
0.2876095798 0.290136755 0.4222536651
0.2918996605 0.2764866727 0.4316136668
0.2758174872 0.281151312 0.4430312008
0.2790480257 0.3029529969 0.4179989775
0.3050492701 0.2584796518 0.4364710781
0.2944758975 0.2962424831 0.4092816194
0.3158168627 0.2752620843 0.408921053
0.2933696196 0.2960229467 0.4106074337
0.2913301998 0.2882599412 0.420409859
0.2824337685 0.2915321303 0.4260341012
0.2545055944 0.2974931677 0.448001238
0.2796250521 0.2933478993 0.4270270486
0.2957686716 0.2823495074 0.4218814399
0.2853961793 0.2849863251 0.4296174956
0.2908287702 0.293934927 0.4152363028
0.2975264741 0.26951265 0.4329608759
0.3091391364 0.2669237493 0.4239371143
0.3196115062 0.2808957226 0.3994927712
0.287269602 0.2862752722 0.4264551258
0.2952449983 0.2821883079 0.4225666937
0.2746199607 0.3076925642 0.4176874751
0.2677508655 0.3006435656 0.4316055689
0.2882917178 0.3086597148 0.4030485674
0.285058997 0.2870879814 0.4278530216
0.2798406753 0.2731146157 0.447044709
0.2658286155 0.3035822048 0.4305891797
0.2991802062 0.3120710735 0.3887487204
0.2946263427 0.2809757709 0.4243978864
0.2779225204 0.2783140801 0.4437633994
0.2821177639 0.2998152406 0.4180669955
0.2897309241 0.294147265 0.4161218109
0.3017072997 0.2732546731 0.4250380272
0.2942700709 0.267257018 0.4384729111
0.3016817765 0.2996852875 0.398632936
0.2960816557 0.2686004929 0.4353178515
0.2795579416 0.2838664027 0.4365756557
0.2781266599 0.2880761133 0.4337972268
0.2827081438 0.283580412 0.4337114442
0.281622511 0.2929783513 0.4253991377
0.2994761322 0.2930005298 0.407523338
0.2873722694 0.2924939501 0.4201337805
0.3068504111 0.3000444914 0.3931050975
0.3030281852 0.2877013671 0.4092704476
0.3106785527 0.2786819837 0.4106394636
0.3083939067 0.2718485527 0.4197575406
0.2806237502 0.271868302 0.4475079478
0.2977891791 0.302758625 0.3994521959
0.291880131 0.2755098241 0.4326100448
0.3076445947 0.2839091347 0.4084462706
0.3250077499 0.293803999 0.3811882511
0.3075481513 0.2778278283 0.4146240203
0.2908415749 0.3075157795 0.4016426456
0.3085470912 0.2710757524 0.4203771564
0.2870294183 0.2736346508 0.4393359309
0.3130647948 0.2707394641 0.4142937298
0.2812696613 0.2890641802 0.4296661584
0.288970581 0.2937577739 0.4172716451
0.2921917693 0.3071946932 0.4006135375
0.2742436704 0.3005970981 0.4251592315
0.2777525941 0.3020777247 0.4201696812
0.304698788 0.2852302841 0.4100709279
0.2844922648 0.3017981803 0.413709555
0.3006254319 0.2849281234 0.4144464447
0.294969536 0.2943611664 0.4106692977
0.287963689 0.3008794606 0.4111568504
0.2614460311 0.2922901949 0.446263774
0.2806827089 0.3215766297 0.3977406614
0.2957849856 0.3053505569 0.3988644574
0.2907535815 0.2925622639 0.4166841546
0.2959071527 0.292228313 0.4118645343
0.2988583894 0.3001301699 0.4010114406
0.2958275203 0.2848122825 0.4193601973
0.2805515172 0.3118060006 0.4076424822
0.296770764 0.2875339722 0.4156952638
0.2929865362 0.3040944869 0.4029189769
0.336954437 0.2752789449 0.3877215484
0.2993629453 0.3125518175 0.3880852372
0.2742335044 0.3024355084 0.4233309872
0.2830070243 0.2967046351 0.4202883406
0.2903765068 0.3001425514 0.4094809418
0.310374905 0.2787192599 0.4109058351
0.2847861477 0.2795717496 0.4356421027
0.3063316234 0.2736084373 0.4200599393
0.2989578037 0.2825145522 0.418527644
0.2883758039 0.2985861957 0.4130380004
0.268419226 0.2814066098 0.4501741643
0.3034113563 0.3001802959 0.3964083479
0.2916248235 0.28422601 0.4241491665
0.2902931985 0.2912226191 0.4184841824
0.3006844565 0.2714639579 0.4278515857
0.2901271981 0.3022580597 0.4076147422
0.2846420849 0.284787365 0.43057055
0.2891510844 0.2733072447 0.4375416709
0.3008126972 0.2829124281 0.4162748747
0.2851618683 0.3031737948 0.4116643368
0.3016325001 0.2911966061 0.4071708938
0.2917833075 0.2740414798 0.4341752126
0.2883978428 0.2875784839 0.4240236734
0.3024868268 0.2852428149 0.4122703583
0.2781806948 0.3092995206 0.4125167726
0.2840616554 0.2948619316 0.4210764129
0.3021452734 0.2754882771 0.4223664496
0.2923464695 0.3092369583 0.3984165722
0.3045230045 0.2584363476 0.4370406479
0.2750568812 0.3185851137 0.4063580051
0.2774147765 0.2921741106 0.4304111128
0.3117823776 0.2566607989 0.4315568235
0.2749743464 0.3041562688 0.4208693848
0.3064343735 0.2840383298 0.4095272968
0.268271877 0.2990222579 0.4327058651
0.2913400149 0.3000906423 0.4085693428
0.3005269797 0.3084957008 0.3909773195
0.278542332 0.2931699979 0.4282876701
0.3160739665 0.2825052956 0.4014207378
0.2683002826 0.2930504437 0.4386492737
0.2945692302 0.2713304224 0.4341003474
0.2701000732 0.3238946206 0.4060053062
0.2958495706 0.3013980329 0.4027523965
0.3024878029 0.2979373543 0.3995748428
0.2825226689 0.3150538485 0.4024234826
0.295557363 0.3161419389 0.3883006981
0.2708525855 0.3049757536 0.4241716609
0.2816551177 0.2968135338 0.4215313485
0.2870453125 0.286752635 0.4262020525
0.2931130153 0.2491210525 0.4577659322
0.2981353227 0.2877633617 0.4141013156
0.2922891134 0.305966643 0.4017442436
0.2904909461 0.2883898283 0.4211192256
0.2891529487 0.2751162808 0.4357307706
0.2957629353 0.2905097027 0.4137273619
0.3068146904 0.2968532424 0.3963320672
0.265109437 0.2876045238 0.4472860392
0.3115691065 0.3001885656 0.3882423279
0.2887521627 0.287870028 0.4233778094
0.2887908297 0.2825954463 0.4286137239
0.2743268364 0.3018648836 0.4238082801
0.2898009773 0.3025605941 0.4076384286
0.2804432877 0.2744691433 0.445087569
0.2752169515 0.3072823355 0.417500713
0.2758906181 0.3071213677 0.4169880142
0.2887509333 0.3078831461 0.4033659206
0.289860788 0.2900022865 0.4201369255
0.3032533526 0.2798458541 0.4169007933
0.2712975245 0.3000201742 0.4286823013
0.2820105523 0.2838004484 0.4341889993
0.2905645438 0.2916654063 0.4177700499
0.2597642111 0.3092405992 0.430868667
0.2968177501 0.2790676671 0.4241145828
0.3206833279 0.2689670201 0.4103496521
0.2999995071 0.2968691431 0.4031313497
0.2649210661 0.2995693142 0.4355096197
0.278696112 0.3117328497 0.4095710383
0.3115030713 0.2821164224 0.4063805063
0.2758865626 0.2932047058 0.4309087317
0.2871319658 0.3075133478 0.4053546864
0.3059299766 0.2990116942 0.3950583292
0.2739592784 0.3008019948 0.4252387268
0.2934496027 0.2810173611 0.4255330363
0.2857874377 0.3014296405 0.4127829218
0.277714152 0.3019536118 0.4203322361
0.3006932071 0.2706611825 0.4286456104
0.3022381639 0.2611018659 0.4366599702
0.2801441605 0.2863114967 0.4335443429
0.2957210853 0.2977378887 0.406541026
0.2844233848 0.2632552569 0.4523213583
0.2778102404 0.3152851323 0.4069046273
0.2609302929 0.2994666665 0.4396030406
0.282842809 0.2890474784 0.4281097126
0.2944957332 0.2748341958 0.4306700709
0.3017075339 0.2734874163 0.4248050498
0.2584705765 0.3392916822 0.4022377413
0.2806269528 0.295007631 0.4238937139
0.2686995838 0.3100863814 0.4212140348
0.2728872271 0.3106005348 0.4165122381
0.292002901 0.2786965897 0.4293005093
0.2595596811 0.3119608348 0.4284794842
0.3073711003 0.2590598572 0.4335690426
0.2850516461 0.2815016949 0.433446659
0.281288878 0.2984993548 0.4202117671
0.2690454962 0.2847729268 0.4461815769
0.2777688208 0.3149496989 0.4072814803
0.3232492033 0.2650664515 0.4116843452
0.3012668142 0.2818775976 0.4168555882
0.2912745482 0.2831125762 0.4256128755
0.2776729228 0.3162569915 0.4060700856
0.3094024433 0.2694826723 0.4211148844
0.3131554849 0.2826124189 0.4042320962
0.270380929 0.2879540251 0.4416650459
0.3199942769 0.2675738065 0.4124319166
0.2887665525 0.2816344169 0.4295990306
0.2855298249 0.2866296793 0.4278404959
0.2613321023 0.3090330784 0.4296348192
0.2721131943 0.2919203478 0.4359664579
0.29608445 0.2905605297 0.4133550204
0.2843019988 0.2632617887 0.4524362125
0.3040912562 0.2666449485 0.4292637953
0.311099182 0.2718321912 0.4170686268
0.3041359283 0.2926577439 0.4032063278
0.2501032015 0.309332302 0.4405644966
0.2866484476 0.2899211549 0.4234303975
0.28786861 0.2745430293 0.4375883607
0.2969448578 0.2981386622 0.40491648
0.2904249809 0.282625898 0.4269491211
0.3046725549 0.2991729 0.3961545451
0.2776879492 0.3021348585 0.4201771923
0.2651868162 0.300175953 0.4346372308
0.282533691 0.2883086051 0.4291577039
0.2781331146 0.2952429512 0.4266239342
0.3114668196 0.2628998693 0.4256333111
0.2831743901 0.2820231973 0.4348024126
0.2834438232 0.309393598 0.4071625789
0.2983172567 0.3058638188 0.3958189246
0.2784560285 0.3034973717 0.4180465998
0.2991344887 0.2959460164 0.4049194949
0.2859641936 0.2926605431 0.4190531564
0.2734823683 0.2953786171 0.4311390146
0.312325393 0.2820238046 0.4056508024
0.2725426393 0.295047265 0.4324100957
0.2935421815 0.2774897649 0.4289680536
0.2998212894 0.2560852638 0.4440934468
0.2949964467 0.2957586359 0.4092449174
0.3111637068 0.2876705892 0.401165704
0.3109843202 0.2704072615 0.4186084183
0.3054694493 0.2983543936 0.3961761571
0.3097213953 0.2963102929 0.3939683118
0.286212367 0.2861925943 0.4275950387
0.2969659288 0.2811512253 0.4218828459
0.2931629733 0.2727221609 0.4341148658
0.2984149885 0.3001638199 0.4014211916
0.2764840977 0.3067897432 0.4167261591
0.2834146057 0.2935361524 0.4230492419
0.3177474375 0.2620227036 0.4202298589
0.2937427549 0.2702064721 0.436050773
0.2833141727 0.2884624079 0.4282234195
0.2953626484 0.2845414354 0.4200959162
0.2868125122 0.2909837831 0.4222037047
0.2631444175 0.3105646576 0.4262909249
0.3066657198 0.288454496 0.4048797841
0.281631113 0.2866769882 0.4316918988
0.2660712457 0.3056297673 0.4281717308
0.3117685602 0.2798066687 0.4084247711
0.2896120965 0.2909226093 0.4194652942
0.2883454369 0.2983451835 0.4133093796
0.2799151816 0.2864792688 0.4336055496
0.2914913577 0.2940633559 0.4144452864
0.3013788613 0.2726328364 0.4259883023
0.3021187168 0.2706951939 0.4271860893
0.3045953689 0.2764265637 0.4189780674
0.3327553791 0.2566526695 0.4105919514
0.2957279337 0.2962147939 0.4080572723
0.2882300981 0.2858070346 0.4259628673
0.2656851552 0.3083415062 0.4259733386
0.276992605 0.3198409508 0.4031664442
0.2731763776 0.3138063771 0.4130172454
0.3059060178 0.2904691869 0.4036247952
0.2912267243 0.2740187596 0.4347545161
0.2887361704 0.2882362286 0.423027601
0.3045498432 0.2798590508 0.415591106
0.2805376426 0.3019505358 0.4175118216
0.2669049961 0.3266493795 0.4064456244
0.2797265718 0.3003272484 0.4199461799
0.3075505604 0.263902904 0.4285186306
0.2907083613 0.2885082646 0.4207833741
0.3092604391 0.2929640686 0.3977754922
0.2918381241 0.2996737619 0.4079150156
0.2741684086 0.3145145105 0.4113170809
0.3099330443 0.290918799 0.3991481567
0.3166109554 0.2941893027 0.3891997419
0.2991241718 0.2895933759 0.4112824523
0.2656252008 0.3111131376 0.4232616616
0.3003303932 0.2951780341 0.4044915727
0.3000896783 0.3067683694 0.3931419523
0.2951449567 0.3032973896 0.4015576536
0.309189633 0.2936002886 0.3972100783
0.2948661094 0.2942004453 0.4109334453
0.2910785451 0.2815402285 0.4273812265
0.2789808573 0.3084455886 0.4125735542
0.2832183477 0.2956025251 0.4211791272
0.2853025344 0.2685562411 0.4461412245
0.274458366 0.292860159 0.432681475
0.2887200727 0.2999620183 0.411317909
0.2934946701 0.2799931194 0.4265122105
0.2678283873 0.3126855274 0.4194860853
0.2889763173 0.2606958142 0.4503278684
0.284894181 0.2968573021 0.4182485169
0.2875177626 0.2877158995 0.4247663379
0.3074556378 0.2823078457 0.4102365165
0.2670185425 0.3162265554 0.4167549021
0.2995873473 0.3040165848 0.396396068
0.3002401873 0.2939084075 0.4058514052
0.2830284159 0.2788857659 0.4380858182
0.2826314791 0.2686392845 0.4487292365
0.2937483541 0.2971735686 0.4090780773
0.3082084728 0.2885341559 0.4032573714
0.2859757752 0.3008556618 0.413168563
0.2919595207 0.3069228549 0.4011176244
0.2909477393 0.2819771379 0.4270751229
0.2846045362 0.3163677432 0.3990277206
0.3051395371 0.2720311632 0.4228292997
0.259107499 0.3181820475 0.4227104535
0.2954349982 0.2914045708 0.413160431
0.2867723177 0.3035482245 0.4096794579
0.2845675257 0.3114794712 0.4039530031
0.2813700942 0.2776669878 0.4409629179
0.2762071873 0.2843307776 0.4394620351
0.3079407253 0.2785986194 0.4134606553
0.2862291711 0.3015172814 0.4122535475
0.2905858744 0.3065688423 0.4028452833
0.2728388929 0.3161302093 0.4110308978
0.2849447512 0.2943527864 0.4207024624
0.2834085535 0.3154972989 0.4010941476
0.3044469691 0.2813921051 0.4141609258
0.2915495426 0.3000638792 0.4083865783
0.2818974278 0.2950640841 0.4230384881
0.2873324581 0.2955099114 0.4171576304
0.2911407767 0.3052607727 0.4035984506
0.2998259468 0.2800370928 0.4201369604
0.2612028936 0.3136603534 0.425136753
0.2553858325 0.31304814 0.4315660274
0.2963154923 0.2981390955 0.4055454122
0.2782252199 0.3300133453 0.3917614348
0.3065687374 0.2823661127 0.4110651499
0.3103161724 0.2951466199 0.3945372077
0.2761184985 0.3141482197 0.4097332818
0.2913544747 0.2910139562 0.4176315691
0.3326145584 0.3103303998 0.3570550417
0.300597649 0.2869803779 0.4124213622
0.2636046858 0.3078125938 0.4285827204
0.2994941134 0.2784907579 0.4220151286
0.2698654794 0.3129350173 0.4171995033
0.3087023813 0.2854153513 0.4058822675
0.3057168364 0.2726438294 0.4216393342
0.2721552404 0.2988219443 0.4290228153
0.3006450722 0.2920022275 0.4073527003
0.2915975151 0.2822991017 0.4261033832
0.3018102772 0.2962349251 0.4019547977
0.3081179637 0.2739925341 0.4178895022
0.312195117 0.2990705482 0.3887343348
0.2982128406 0.3404625543 0.3613246051
0.2910730187 0.2793410834 0.4295858979
0.2673096646 0.2951399169 0.4375504185
0.3161362849 0.3048284848 0.3790352303
0.3062820607 0.2883583771 0.4053595622
0.2859851542 0.2794554514 0.4345593944
0.2955116531 0.2912610221 0.4132273248
0.2989042952 0.277736569 0.4233591358
0.2983632838 0.2787416987 0.4228950176
0.3156631665 0.2877783195 0.3965585139
0.3010704074 0.2949200434 0.4040095492
0.2760679948 0.2989541771 0.4246524543
0.3201850563 0.2593337439 0.4204811998
0.2739043695 0.3106431387 0.4154524918
0.2826965763 0.3037753015 0.4135281222
0.2714602544 0.3079737841 0.4205659614
0.2971981934 0.2806160194 0.4221857872
0.2784866461 0.2946180695 0.4268952844
0.3084162389 0.2712684589 0.4203153022
0.2921497368 0.2919526994 0.4158975638
0.2868518851 0.2740452645 0.4391028505
0.3094292318 0.2788643036 0.4117064646
0.2894866415 0.2875044014 0.4230089572
0.2797585875 0.2818985251 0.4383428874
0.2947360423 0.2701912599 0.4350726978
0.2991594491 0.2878499817 0.4129905691
0.3163315141 0.2879459989 0.3957224871
0.290755594 0.2929154402 0.4163289658
0.2873960645 0.2997314378 0.4128724977
0.2852904856 0.2819741474 0.432735367
0.2927979262 0.2883285847 0.4188734891
0.3079034548 0.2733774933 0.4187190519
0.2499197368 0.3081658348 0.4419144284
0.2926742743 0.2807358288 0.4265898968
0.2930120965 0.2864291162 0.4205587873
0.2980662499 0.2910105475 0.4109232027
0.2920391843 0.3111946462 0.3967661695
0.2844796003 0.3213313006 0.3941890992
0.3027657505 0.26385285 0.4333813995
0.2913228255 0.301005069 0.4076721055
0.3132245539 0.2789968744 0.4077785718
0.2924046474 0.2812674024 0.4263279502
0.2922393465 0.2845468232 0.4232138303
0.2963538684 0.2818769758 0.4217691557
0.2816963733 0.2632132037 0.455090423
0.2808922823 0.316842953 0.4022647647
0.3023911338 0.2816766927 0.4159321735
0.2859952831 0.2945393403 0.4194649959
0.2696590073 0.2722819961 0.4580589966
0.2908319424 0.2814233355 0.4277447221
0.2795093364 0.2871391001 0.4333515635
0.2764304141 0.2937376547 0.4298319311
0.3080089431 0.2789403388 0.4130507181
0.295080048 0.2791986174 0.4257213346
0.3010077109 0.2712604802 0.4277318088
0.2577865718 0.2986520754 0.4435613528
0.2737500679 0.3043303858 0.4219195463
0.2955808739 0.2983570961 0.40606203
0.2751986905 0.2701265061 0.4546748033
0.2686180771 0.2894095064 0.4419724165
0.299931982 0.3037861237 0.3962818943
0.3062081783 0.2613092318 0.4324825898
0.2758682644 0.2864586058 0.4376731298
0.2626694979 0.2824897281 0.454840774
0.3018103609 0.3036076681 0.394581971
0.2799648104 0.2844964154 0.4355387742
0.2904281165 0.2700397493 0.4395321343
0.2900253009 0.2836691228 0.4263055764
0.2921399161 0.2797355223 0.4281245615
0.2812261607 0.2906798931 0.4280939463
0.3135083623 0.2878838232 0.3986078145
0.2905210332 0.2898395023 0.4196394645
0.2998890649 0.2787632222 0.4213477129
0.281325237 0.2992782496 0.4193965134
0.2785725233 0.2825348274 0.4388926493
0.2903425891 0.2784664237 0.4311909873
0.3091468086 0.2678992974 0.4229538941
0.3010259678 0.2772224124 0.4217516198
0.2904083525 0.2779939561 0.4315976914
0.2791539755 0.2929721605 0.427873864
0.3130413285 0.2737121442 0.4132465272
0.3046397368 0.292306961 0.4030533021
0.2964996686 0.2826420282 0.4208583032
0.2748527777 0.3158814812 0.4092657411
0.2903039227 0.2949635419 0.4147325353
0.2832297619 0.3084439304 0.4083263077
0.2816825454 0.3077152445 0.4106022101
0.306311139 0.2799773141 0.4137115469
0.2856194119 0.3202196097 0.3941609784
0.2797256722 0.2960474339 0.4242268939
0.2640473957 0.2948352391 0.4411173652
0.2969988799 0.2545071126 0.4484940075
0.2521442825 0.2841890699 0.4636643246
0.2784487149 0.2956196952 0.4259315899
0.2781884901 0.3006901531 0.4211213568
0.3052694242 0.2676626255 0.4270679503
0.3006961611 0.2863513495 0.4129524893
0.2759304225 0.3090659365 0.4150036409
0.2633539091 0.3312113317 0.4054347591
0.2863304562 0.2982416067 0.4153846106
0.2695587115 0.3095175022 0.4208049352
0.287400589 0.3027049844 0.4098944265
0.3033007614 0.2890902162 0.4076090223
0.2919045219 0.2771926312 0.4309028469
0.2828510487 0.2765162668 0.4406326845
0.2613785926 0.2918043837 0.4468170237
0.3045550651 0.2729809064 0.4224640285
0.3029986742 0.2801444202 0.4168569055
0.283974393 0.2955003171 0.4205252899
0.2860737019 0.2894413646 0.4244849335
0.2975198864 0.2888105916 0.4136695221
0.3336098702 0.2833357887 0.3830543411
0.2770675706 0.2996123528 0.4233200767
0.2720724158 0.2926493734 0.4352782108
0.2780871788 0.2946451566 0.4272676647
0.3137453302 0.2915450154 0.3947096543
0.2582940825 0.2937422283 0.4479636892
0.2991591155 0.3021476776 0.3986932069
0.2897442894 0.2852852431 0.4249704675
0.2898685667 0.2832224965 0.4269089368
0.2931972056 0.3033133016 0.4034894928
0.2952067517 0.2851224518 0.4196707965
0.2916728658 0.3001845783 0.4081425559
0.2885541275 0.2803298636 0.4311160089
0.3230476548 0.2514986157 0.4254537295
0.3008372352 0.2713274235 0.4278353413
0.3018863064 0.2791829148 0.4189307787
0.287086922 0.2927553591 0.4201577189
0.2999031416 0.2676411754 0.4324556831
0.28800423 0.2689817634 0.4418565762
0.31650552 0.2920809802 0.3914134998
0.306480259 0.2815097511 0.4120099899
0.2781798429 0.2891690151 0.4326511421
0.2899816597 0.2896866009 0.4203317394
0.3038045875 0.2640790433 0.4321163692
0.3230021744 0.2915490348 0.3854487908
0.2875434968 0.2742512868 0.4382052164
0.3154580982 0.2602081354 0.4243337664
0.2615452961 0.3097835349 0.428671169
0.3086538167 0.2805318599 0.4108143234
0.3031868238 0.2881814932 0.4086316831
0.2889968386 0.297216071 0.4137870904
0.2704589581 0.3139291324 0.4156119095
0.2432515259 0.3249157221 0.431832752
0.2975977758 0.2923810401 0.4100211841
0.3031452373 0.2666417598 0.4302130029
0.2788915334 0.2979222174 0.4231862492
0.2711936103 0.2981608198 0.4306455698
0.2901586946 0.2918500696 0.4179912358
0.2730496839 0.289371679 0.4375786371
0.2901674983 0.2781799084 0.4316525933
0.2633433156 0.317528368 0.4191283164
0.292804029 0.2975022116 0.4096937595
0.3038267658 0.2811859412 0.4149872929
0.2888389182 0.3273717446 0.3837893372
0.2751298401 0.3017351258 0.4231350341
0.2823323554 0.3091246797 0.4085429649
0.3040317643 0.2933334716 0.4026347641
0.2962216403 0.2733227344 0.4304556253
0.304763634 0.2958611198 0.3993752461
0.2995525236 0.2764970802 0.4239503962
0.3018962573 0.2837147845 0.4143889583
0.3033841083 0.2686406578 0.4279752339
0.302066545 0.272464953 0.425468502
0.3263090377 0.2730908922 0.4006000701
0.2819615919 0.2948716968 0.4231667113
0.3039155707 0.2850411119 0.4110433173
0.2781370905 0.2729866334 0.4488762218
0.2795486945 0.2797690695 0.4406822361
0.286596454 0.2778742256 0.4355293204
0.2991815889 0.2944976185 0.4063207926
0.290053554 0.2729356439 0.4370108021
0.2854668166 0.3033285212 0.4112046622
0.266003915 0.323134282 0.4108618029
0.2776897621 0.3022397137 0.4200705242
0.2528795037 0.2946549974 0.4524652234
0.2682793641 0.2934189207 0.4383017151
0.2810869764 0.2850113724 0.4339016513
0.2941515959 0.3034941259 0.4023542782
0.2850168876 0.3121037964 0.4028793161
0.287450195 0.2876318768 0.4249179281
0.283047689 0.2777325991 0.4392197118
0.2781532435 0.2904658986 0.4313808579
0.2835690969 0.3129611395 0.4034697637
0.2861969449 0.3044684059 0.4093346492
0.2626001884 0.3109622489 0.4264375626
0.2979823431 0.2945995739 0.4074180831
0.2681527774 0.304453666 0.4273935566
0.3247047019 0.2671159483 0.4081793499
0.2912061364 0.2535995214 0.4551943422
0.2866042644 0.3032136864 0.4101820492
0.2676673633 0.296642572 0.4356900647
0.2877233889 0.3067946162 0.4054819949
0.2942501591 0.3044362035 0.4013136374
0.2851289221 0.2857928468 0.4290782311
0.2961504892 0.2719269481 0.4319225628
0.2445460793 0.2783480281 0.4771058926
0.2774523268 0.3083617865 0.4141858867
0.2696197086 0.2811437286 0.4492365628
0.2895282684 0.2817958199 0.4286759117
0.3155637468 0.2771847663 0.4072514868
0.3096715044 0.2723645855 0.4179639101
0.2954326125 0.2787509588 0.4258164288
0.2950632903 0.3081355294 0.3968011803
0.2856244219 0.3147460476 0.3996295305
0.2927522277 0.3017192043 0.405528568
0.2530568619 0.3034972387 0.4434458995
0.2676791138 0.290703229 0.4416176572
0.2858921395 0.2948240618 0.4192837987
0.2951107534 0.2717238123 0.4331654343
0.3002296232 0.2840348786 0.4157354983
0.2933063169 0.2917206465 0.4149730366
0.2928839191 0.2891215932 0.4179944877
0.2679908825 0.2919728691 0.4400362485
0.2854514175 0.2921418727 0.4224067098
0.3007502742 0.2897810529 0.4094686729
0.2752394681 0.3187283611 0.4060321708
0.2693444151 0.308585139 0.4220704458
0.2787699679 0.2909572627 0.4302727694
0.2904060055 0.2846605336 0.4249334609
0.2922808637 0.2735986441 0.4341204922
0.2964234578 0.2890199145 0.4145566277
0.292193717 0.2964585874 0.4113476956
0.2917383527 0.2964183226 0.4118433247
0.2863356582 0.2905926455 0.4230716963
0.2838083884 0.300172 0.4160196116
0.2823044269 0.2695170688 0.4481785042
0.2953470517 0.2989160914 0.4057368569
0.278606659 0.3043625421 0.4170307989
0.2789249941 0.2855067216 0.4355682843
0.3047670039 0.2992275596 0.3960054365
0.2857619853 0.2797893352 0.4344486794
0.29004329 0.2826389956 0.4273177143
0.2972017898 0.2912075886 0.4115906216
0.3082365678 0.2799358379 0.4118275943
0.2815361632 0.2814487971 0.4370150396
0.2947778929 0.2591950039 0.4460271032
0.280238842 0.298557738 0.42120342
0.289328129 0.284701652 0.4259702191
0.2899763218 0.30099618 0.4090274982
0.2617777778 0.308972683 0.4292495392
0.3066530725 0.2742930535 0.4190538741
0.3036670716 0.2769686571 0.4193642712
0.2754595499 0.2924120488 0.4321284013
0.2752849033 0.3089079169 0.4158071799
0.2974476883 0.2795180208 0.423034291
0.2911142045 0.2956570279 0.4132287676
0.3051279812 0.2924362286 0.4024357902
0.2876706989 0.2835055201 0.4288237809
0.2970423717 0.299679819 0.4032778093
0.2908781933 0.2987174862 0.4104043205
0.2840326032 0.2997615496 0.4162058472
0.2785840659 0.3155807872 0.4058351469
0.2807497772 0.2996582852 0.4195919376
0.2940568877 0.2918598683 0.414083244
0.285005373 0.3025381588 0.4124564682
0.2912925827 0.3135806246 0.3951267928
0.2905871904 0.2842749008 0.4251379089
0.2762714221 0.2890859405 0.4346426374
0.2706569974 0.3036969653 0.4256460374
0.2832939709 0.3020832009 0.4146228283
0.3207608209 0.2835362097 0.3957029694
0.2839932783 0.305471754 0.4105349677
0.2982972241 0.3042877652 0.3974150108
0.2816642692 0.2812747058 0.4370610251
0.2901459249 0.2920936834 0.4177603917
0.2598378982 0.3109637676 0.4291983342
0.3023645978 0.2895741352 0.408061267
0.2856119976 0.2880582291 0.4263297733
0.2793112686 0.2818806853 0.4388080461
0.2914344814 0.3149724871 0.3935930316
0.2851826605 0.2629111725 0.451906167
0.2695023671 0.2931508168 0.4373468161
0.2846436689 0.2866302715 0.4287260597
0.3047642355 0.2824540299 0.4127817347
0.2950209144 0.2762347675 0.428744318
0.2775720762 0.295768661 0.4266592627
0.2824609251 0.2888422097 0.4286968652
0.2754445974 0.3111500622 0.4134053403
0.2836466419 0.2916638258 0.4246895324
0.2617021925 0.2956132403 0.4426845671
0.2843269222 0.2725121233 0.4428259413
0.2857154128 0.289738861 0.4245457262
0.262874983 0.3158370117 0.4212880052
0.2983068005 0.2816395785 0.420053621
0.2832127462 0.2914374572 0.4253497965
0.3266943892 0.297326584 0.3759790268
0.3020477008 0.2817763291 0.4161759701
0.2741161857 0.2910135651 0.4348702492
0.2731912613 0.2935494365 0.4332593021
0.2889318705 0.3093503423 0.4017177871
0.2846135429 0.2681515068 0.4472349502
0.2784101017 0.3032775637 0.4183123346
0.2844738066 0.2922599296 0.4232662637
0.2918315311 0.291333514 0.4168349549
0.2804951156 0.2891141335 0.4303907509
0.2894825708 0.2865249126 0.4239925166
0.2700277635 0.3100342606 0.4199379759
0.3096349216 0.2780199099 0.4123451685
0.3163917091 0.2799204398 0.4036878511
0.3103107881 0.2868076685 0.4028815434
0.298761041 0.2990087129 0.4022302461
0.2939780143 0.2984612199 0.4075607657
0.2977009221 0.2721086145 0.4301904634
0.281151691 0.288048402 0.430799907
0.2790483081 0.2892132261 0.4317384658
0.272069888 0.3157063205 0.4122237915
0.2802180653 0.2983992921 0.4213826426
0.2598990132 0.3159242545 0.4241767323
0.290387183 0.2968039965 0.4128088205
0.2862393035 0.2977742179 0.4159864786
0.3062361824 0.2748955413 0.4188682763
0.2721506763 0.29456092 0.4332884037
0.2872300494 0.312127958 0.4006419926
0.2932223551 0.2850799516 0.4216976934
0.3168672088 0.2928953356 0.3902374555
0.2998968004 0.285582624 0.4145205756
0.3059071915 0.2884735574 0.4056192511
0.3013579884 0.2829695975 0.4156724141
0.2981023998 0.2962287886 0.4056354777
0.27998024 0.2827744494 0.4372453107
0.300306955 0.2868007866 0.4128922583
0.2753977394 0.3064397838 0.4181554384
0.2869097447 0.2925766197 0.4205136356
0.2763015831 0.2943712223 0.4293271946
0.2836166799 0.2850406348 0.4313426852
0.2914271302 0.2739355296 0.4346373402
0.2792807521 0.2901719362 0.4305473117
0.3050593054 0.2813592133 0.4135814814
0.2804500743 0.2933214989 0.4262284269
0.2703985342 0.2899688248 0.439632641
0.2973830916 0.2811857997 0.4214311087
0.2931062116 0.2674846459 0.4394091425
0.2694427624 0.3054467147 0.4251105229
0.2853236502 0.2732952808 0.441381069
0.2937771155 0.2795499378 0.4266533097
0.2668339306 0.2996873555 0.4334787139
0.2969765478 0.2888917029 0.4141317493
0.2931861012 0.2945625124 0.4122513863
0.3038628016 0.2712408691 0.4248963293
0.2886689657 0.28988907 0.4214419644
0.2823054538 0.3034481384 0.4142464078
0.2927866128 0.3032023612 0.404011026
0.2961717059 0.2507471441 0.4530811499
0.2749948761 0.322983306 0.4020218179
0.2996886327 0.2752149825 0.4250963847
0.3008835438 0.300233963 0.3988824932
0.2834661276 0.3008101903 0.4157236821
0.2764253035 0.3134680007 0.4101066958
0.2949465818 0.2920210009 0.4130324173
0.2864132823 0.2787701422 0.4348165755
0.2995704365 0.2857562813 0.4146732822
0.3165066836 0.2784432291 0.4050500873
0.3038133823 0.2752511229 0.4209354948
0.2929242559 0.2891327406 0.4179430035
0.2999959814 0.3048901937 0.3951138249
0.2894645852 0.3014210358 0.409114379
0.3082104492 0.2925074614 0.3992820894
0.288301641 0.2799481996 0.4317501595
0.296789169 0.2755666964 0.4268808792
0.290440475 0.279944107 0.429615418
0.289718109 0.2903098383 0.4199720527
0.2941762171 0.2985689266 0.4072548563
0.2996644161 0.2846872929 0.415648291
0.2897828553 0.279476563 0.4307405817
0.2797705068 0.2929131473 0.4273163459
0.2802078762 0.2759069621 0.4438851617
0.2806402987 0.2863130075 0.4330466938
0.2655104643 0.3100490394 0.4244404964
0.3021518942 0.2830031273 0.4148449784
0.3137099939 0.265385552 0.4209044541
0.3193328983 0.2941551563 0.3865119454
0.2717618047 0.3290354114 0.3992027839
0.2598730479 0.2765804255 0.4635465266
0.2810629125 0.2813531069 0.4375839805
0.2909498913 0.2903660985 0.4186840102
0.2960997466 0.286440594 0.4174596594
0.2779236568 0.2944035727 0.4276727704
0.2909227267 0.2839322257 0.4251450476
0.3015853412 0.2662282008 0.432186458
0.3238767733 0.265374559 0.4107486677
0.2836428241 0.3125955833 0.4037615926
0.2582096636 0.3157597101 0.4260306263
0.3053854446 0.2818313639 0.4127831915
0.2963122893 0.2900278656 0.4136598452
0.2986560321 0.2818369217 0.4195070462
0.2693676428 0.3275269513 0.4031054059
0.3082217171 0.2808683844 0.4109098984
0.2806878379 0.3205759915 0.3987361706
0.2979449138 0.30034665 0.4017084363
0.2925133636 0.2777396414 0.429746995
0.2833879131 0.2837709199 0.432841167
0.2561893408 0.2850752378 0.4587354214
0.2904910336 0.2659394558 0.4435695106
0.30164656 0.3000723195 0.3982811205
0.2794216341 0.3126074036 0.4079709624
0.2731998655 0.2897862402 0.4370138943
0.2888738941 0.2975159708 0.4136101351
0.2810328003 0.2842743413 0.4341827192
0.285789082 0.2809293296 0.4332815885
0.2918913731 0.2965903795 0.4115182474
0.3062217923 0.3079797386 0.3857984691
0.2609547845 0.3063581271 0.4326870884
0.3065407207 0.2622405575 0.4312187218
0.2649657 0.3091714549 0.425862845
0.2780024771 0.2992886136 0.4227089093
0.2852159806 0.2816771033 0.4331069161
0.2923037361 0.2906170517 0.4170792122
0.2934729636 0.2919033155 0.4146237209
0.2728305559 0.3102510193 0.4169184247
0.3017303552 0.3040312474 0.3942383974
0.296371398 0.294084867 0.409543735
0.3049493113 0.2675348851 0.4275158036
0.3085145652 0.2889680468 0.402517388
0.3001387685 0.2876081687 0.4122530627
0.2901288252 0.2838187696 0.4260524052
0.2995668311 0.2894173542 0.4110158147
0.2775028804 0.3245254386 0.3979716811
0.2921363981 0.2667626306 0.4411009713
0.2956353729 0.2956757056 0.4086889215
0.3027948012 0.299290397 0.3979148018
0.2772742161 0.2970878165 0.4256379674
0.2881300132 0.3190672423 0.3928027445
0.3277393814 0.2611218904 0.4111387282
0.2809197381 0.2751460751 0.4439341868
0.2793874399 0.2988483891 0.421764171
0.2876317405 0.3131383405 0.3992299191
0.3005590544 0.3080427133 0.3913982323
0.2891738685 0.286891702 0.4239344295
0.2749004245 0.3012475239 0.4238520516
0.2729388594 0.3229603413 0.4041007993
0.2972893493 0.2882024743 0.4145081764
0.3005930535 0.2899586823 0.4094482642
0.3001594706 0.28949065 0.4103498794
0.2864634086 0.2858021355 0.427734456
0.2559017946 0.3094675025 0.4346307029
0.3059587613 0.2785043199 0.4155369187
0.2866457588 0.2818027826 0.4315514585
0.2838849549 0.3094403688 0.4066746763
0.2523638557 0.3146877935 0.4329483508
0.3052429113 0.2846645707 0.4100925181
0.2977164189 0.2603464774 0.4419371037
0.2840826434 0.3176589688 0.3982583878
0.2708004442 0.325732504 0.4034670518
0.2845974806 0.2809543765 0.4344481429
0.2999444565 0.3005294628 0.3995260807
0.2912691897 0.3212639275 0.3874668828
0.2869858822 0.2754709526 0.4375431652
0.3166003134 0.2734964341 0.4099032525
0.3023681512 0.3073552025 0.3902766463
0.2920049064 0.3005161276 0.407478966
0.2866463658 0.2969388664 0.4164147677
0.2874225087 0.2650955805 0.4474819108
0.2785975154 0.2900751854 0.4312964755
0.3120802246 0.2922121807 0.3957075947
0.3268889515 0.2745258674 0.3985851811
0.2969702656 0.3144364093 0.3885933251
0.2843904958 0.310424537 0.4051849672
0.2820048334 0.2848019783 0.4331931882
0.2885697086 0.2950428041 0.4163874873
0.279930128 0.2858003911 0.4342694809
0.2857246854 0.3022354533 0.4120398613
0.2947138202 0.29777634 0.4075098398
0.281020692 0.3020903507 0.4168889573
0.2593074508 0.3166590934 0.4240101953
0.2774812348 0.2795906406 0.4429281246
0.2942189476 0.2961759017 0.4096051507
0.2783742323 0.3004703504 0.4211554173
0.2950061995 0.2748048402 0.4301889603
0.3110111166 0.2867048589 0.4022840245
0.2892162864 0.2880537909 0.4227299228
0.2749118444 0.3190478617 0.4060402939
0.2986212243 0.2654192837 0.4359594919
0.2650629843 0.3121292254 0.4228077902
0.2868581562 0.2818168843 0.4313249595
0.2932307581 0.3237016634 0.3830675785
0.2774099309 0.289383293 0.4332067761
0.3132462972 0.2613607846 0.4253929182
0.31263962 0.2888133274 0.3985470526
0.2847490782 0.3081715479 0.4070793739
0.294330837 0.3096453144 0.3960238486
0.2814833319 0.3089351166 0.4095815515
0.2752669207 0.2802946517 0.4444384276
0.2903458073 0.2722018107 0.437452382
0.3188770161 0.2772026855 0.4039202985
0.2700944611 0.2924241008 0.4374814382
0.285746677 0.2888203001 0.4254330229
0.2952398402 0.2831452219 0.4216149379
0.2682149028 0.2973060802 0.434479017
0.2540648139 0.3095685417 0.4363666444
